name,beds_total,beds_occupied,beds_vacant,type,last_updated_at,icu_beds_without_ventilator_total,icu_beds_without_ventilator_occupied,icu_beds_without_ventilator_vacant,covid_icu_beds_total,covid_icu_beds_occupied,covid_icu_beds_vacant,oxygen_left_for_days,oxygen_left_for_hours,noncovid_icu_beds_total,noncovid_icu_beds_occupied,noncovid_icu_beds_vacant,ventilators_total,ventilators_occupied,ventilators_vacant
ALL,8943,225,8718,,2021-01-01-05-50,1394,30,1364,2774,51,2723,,,3437,2319,1118,1380,21,1359
ALL,8883,248,8635,,2021-01-01-17-35,1396,35,1361,2776,56,2720,,,3434,2316,1118,1380,21,1359
ALL,8924,282,8642,,2021-01-02-05-50,1396,37,1359,2776,62,2714,,,3434,2323,1111,1380,25,1355
ALL,9029,319,8710,,2021-01-02-17-35,1393,33,1360,2772,64,2708,,,3404,2304,1100,1379,31,1348
ALL,9029,351,8678,,2021-01-03-05-50,1393,45,1348,2772,76,2696,,,3404,2317,1087,1379,31,1348
ALL,9035,439,8596,,2021-01-03-17-35,1397,63,1334,2779,109,2670,,,3418,2307,1111,1382,46,1336
ALL,9035,468,8567,,2021-01-04-05-50,1397,65,1332,2779,113,2666,,,3418,2309,1109,1382,48,1334
ALL,9116,579,8537,,2021-01-04-17-35,1424,77,1347,2813,141,2672,,,3396,2306,1090,1389,64,1325
ALL,9717,632,9085,,2021-01-05-05-50,1562,88,1474,2957,149,2808,,,3346,2248,1098,1395,61,1334
ALL,11897,905,10992,,2021-01-05-17-35,1758,117,1641,3266,181,3085,,,3152,2170,982,1508,64,1444
ALL,12025,970,11055,,2021-01-06-05-50,1780,113,1667,3303,182,3121,,,3133,2145,988,1523,69,1454
ALL,12957,1146,11811,,2021-01-06-17-35,1866,141,1725,3543,213,3330,,,2941,2042,899,1677,72,1605
ALL,13010,1186,11824,,2021-01-07-05-50,1881,132,1749,3558,205,3353,,,2916,2004,912,1677,73,1604
ALL,14013,1427,12586,,2021-01-07-17-35,2139,146,1993,3881,235,3646,,,2872,1981,891,1742,89,1653
ALL,14027,1461,12566,,2021-01-08-05-50,2145,155,1990,3886,240,3646,,,2870,1972,898,1741,85,1656
ALL,14364,1638,12726,,2021-01-08-17-35,2242,203,2039,4090,290,3800,,,2864,1963,901,1848,87,1761
ALL,14314,1659,12655,,2021-01-09-05-50,2292,219,2073,4090,303,3787,,,2864,1933,931,1798,84,1714
ALL,14329,1811,12518,,2021-01-09-17-35,2332,300,2032,4098,397,3701,,,2863,1912,951,1766,97,1669
ALL,14332,1867,12465,,2021-01-10-05-50,2331,305,2026,4099,409,3690,,,2863,1903,960,1768,104,1664
ALL,14410,2023,12387,,2021-01-10-17-35,2291,307,1984,4086,438,3648,,,2864,1926,938,1795,131,1664
ALL,14410,2074,12336,,2021-01-11-05-50,2294,328,1966,4089,470,3619,,,2856,1921,935,1795,142,1653
ALL,14762,2300,12462,,2021-01-11-17-35,2303,358,1945,4193,531,3662,,,2865,1954,911,1890,173,1717
ALL,14762,2299,12463,,2021-01-12-05-50,2303,363,1940,4193,533,3660,,,2865,1952,913,1890,170,1720
ALL,15330,2397,12933,,2021-01-12-17-35,2397,415,1982,4349,624,3725,,,2725,1860,865,1952,209,1743
ALL,15384,2404,12980,,2021-01-13-05-50,2397,415,1982,4349,629,3720,,,2725,1852,873,1952,214,1738
ALL,15478,2479,12999,,2021-01-13-17-35,2416,430,1986,4375,646,3729,,,2721,1844,877,1959,216,1743
ALL,15478,2492,12986,,2021-01-14-05-50,2422,429,1993,4375,642,3733,,,2721,1840,881,1953,213,1740
ALL,15480,2527,12953,,2021-01-14-17-35,2453,452,2001,4404,680,3724,,,2695,1795,900,1951,228,1723
ALL,15480,2567,12913,,2021-01-15-05-50,2453,459,1994,4405,688,3717,,,2695,1795,900,1952,229,1723
ALL,15494,2625,12869,,2021-01-15-17-35,2461,493,1968,4425,721,3704,,,2687,1792,895,1964,228,1736
ALL,15494,2581,12913,,2021-01-16-05-50,2461,518,1943,4425,745,3680,,,2687,1793,894,1964,227,1737
ALL,15499,2709,12790,,2021-01-16-17-35,2458,524,1934,4426,759,3667,,,2687,1803,884,1968,235,1733
ALL,15499,2753,12746,,2021-01-17-05-50,2465,564,1901,4433,815,3618,,,2687,1796,891,1968,251,1717
ALL,15498,2786,12712,,2021-01-17-17-35,2470,580,1890,4440,843,3597,,,2683,1797,886,1970,263,1707
ALL,15498,2742,12756,,2021-01-18-05-50,2469,547,1922,4439,817,3622,,,2683,1792,891,1970,270,1700
ALL,15611,2743,12868,,2021-01-18-17-35,2485,568,1917,4481,850,3631,,,2679,1777,902,1996,282,1714
ALL,15605,2756,12849,,2021-01-19-05-45,2483,570,1913,4479,848,3631,,,2679,1775,904,1996,278,1718
ALL,15589,2759,12830,,2021-01-19-17-35,2505,593,1912,4510,882,3628,,,2663,1776,887,2005,289,1716
ALL,15589,2756,12833,,2021-01-20-05-50,2505,602,1903,4510,893,3617,,,2663,1759,904,2005,291,1714
ALL,15589,2653,12936,,2021-01-20-17-35,2526,567,1959,4481,868,3613,,,2656,1741,915,1955,301,1654
ALL,15557,2654,12903,,2021-01-21-05-45,2516,553,1963,4471,859,3612,,,2656,1741,915,1955,306,1649
ALL,15409,2621,12788,,2021-01-21-17-35,2482,567,1915,4440,870,3570,,,2656,1770,886,1958,303,1655
ALL,15409,2632,12777,,2021-01-22-05-45,2482,567,1915,4441,877,3564,,,2656,1770,886,1959,310,1649
ALL,15411,2484,12927,,2021-01-22-17-35,2484,534,1950,4442,849,3593,,,2656,1693,963,1958,315,1643
ALL,15411,2460,12951,,2021-01-23-05-50,2484,557,1927,4442,849,3593,,,2656,1695,961,1958,292,1666
ALL,15411,2437,12974,,2021-01-23-17-35,2483,528,1955,4444,822,3622,,,2654,1687,967,1961,294,1667
ALL,15411,2452,12959,,2021-01-24-05-50,2482,528,1954,4444,831,3613,,,2654,1685,969,1962,303,1659
ALL,15417,2360,13057,,2021-01-24-17-35,2484,525,1959,4447,835,3612,,,2654,1687,967,1963,310,1653
ALL,15417,2369,13048,,2021-01-25-05-50,2484,533,1951,4447,855,3592,,,2655,1696,959,1963,322,1641
ALL,15420,2228,13192,,2021-01-25-17-35,2484,499,1985,4451,828,3623,,,2657,1694,963,1967,329,1638
ALL,15420,2203,13217,,2021-01-26-05-50,2482,490,1992,4451,808,3643,,,2657,1699,958,1969,318,1651
ALL,15420,2116,13304,,2021-01-26-17-35,2485,458,2027,4452,774,3678,,,2659,1711,948,1967,316,1651
ALL,15420,2087,13333,,2021-01-27-05-50,2485,445,2040,4452,764,3688,,,2658,1711,947,1967,319,1648
ALL,15420,1975,13445,,2021-01-27-17-35,2486,438,2048,4451,737,3714,,,2658,1772,886,1965,299,1666
ALL,15420,1958,13462,,2021-01-28-05-55,2486,432,2054,4451,737,3714,,,2658,1776,882,1965,305,1660
ALL,15428,1887,13541,,2021-01-28-17-35,2480,399,2081,4448,696,3752,,,2657,1780,877,1968,297,1671
ALL,15428,1832,13596,,2021-01-29-05-45,2480,397,2083,4448,698,3750,,,2657,1776,881,1968,301,1667
ALL,15428,1747,13681,,2021-01-29-17-35,2496,372,2124,4464,656,3808,,,2655,1793,862,1968,284,1684
ALL,15428,1700,13728,,2021-01-30-05-50,2496,355,2141,4464,628,3836,,,2655,1802,853,1968,273,1695
ALL,15428,1560,13868,,2021-01-30-17-35,2491,336,2155,4462,606,3856,,,2656,1799,857,1971,270,1701
ALL,15428,1554,13874,,2021-01-31-05-50,2491,333,2158,4462,591,3871,,,2656,1802,854,1971,258,1713
ALL,15428,1499,13929,,2021-01-31-16-50,2494,337,2157,4464,582,3882,,,2655,1803,852,1970,245,1725
ALL,15426,1491,13935,,2021-02-01-05-50,2494,334,2160,4462,579,3883,,,2656,1804,852,1968,245,1723
ALL,15426,1429,13997,,2021-02-01-17-35,2498,310,2188,4462,553,3909,,,2652,1804,848,1964,243,1721
ALL,15426,1394,14032,,2021-02-02-05-50,2498,308,2190,4462,548,3914,,,2652,1813,839,1964,240,1724
ALL,15426,1376,14050,,2021-02-02-17-35,2498,306,2192,4462,542,3920,,,2651,1842,809,1964,236,1728
ALL,15426,1343,14083,,2021-02-03-05-50,2498,295,2203,4462,532,3930,,,2651,1851,800,1964,237,1727
ALL,15426,1286,14140,,2021-02-03-17-35,2500,286,2214,4462,509,3953,,,2651,1846,805,1962,223,1739
ALL,15426,1241,14185,,2021-02-04-05-50,2500,283,2217,4462,507,3955,,,2651,1833,818,1962,224,1738
ALL,15426,1168,14258,,2021-02-04-17-35,2500,242,2258,4462,460,4002,,,2650,1824,826,1962,218,1744
ALL,15426,1141,14285,,2021-02-05-05-45,2501,227,2274,4462,444,4018,,,2650,1834,816,1961,217,1744
ALL,15416,1010,14406,,2021-02-05-17-35,2500,200,2300,4462,414,4048,,,2650,1831,819,1962,214,1748
ALL,15416,998,14418,,2021-02-06-05-55,2500,191,2309,4462,409,4053,,,2650,1832,818,1962,218,1744
ALL,15416,966,14450,,2021-02-06-17-35,2512,196,2316,4475,396,4079,,,2649,1841,808,1963,200,1763
ALL,15416,957,14459,,2021-02-07-05-50,2512,194,2318,4475,393,4082,,,2649,1834,815,1963,199,1764
ALL,15416,926,14490,,2021-02-07-17-35,2517,194,2323,4475,373,4102,,,2653,1873,780,1958,179,1779
ALL,15416,910,14506,,2021-02-08-05-50,2517,186,2331,4475,368,4107,,,2653,1888,765,1958,182,1776
ALL,15416,860,14556,,2021-02-08-17-35,2516,169,2347,4474,347,4127,,,2654,1896,758,1958,178,1780
ALL,15416,848,14568,,2021-02-09-05-50,2516,164,2352,4474,342,4132,,,2654,1890,764,1958,178,1780
ALL,15416,768,14648,,2021-02-09-17-40,2516,148,2368,4474,311,4163,,,2654,1889,765,1958,163,1795
ALL,15416,743,14673,,2021-02-10-05-50,2518,147,2371,4476,308,4168,,,2654,1888,766,1958,161,1797
ALL,15375,713,14662,,2021-02-10-17-40,2517,150,2367,4475,306,4169,,,2655,1874,781,1958,156,1802
ALL,15375,706,14669,,2021-02-11-05-50,2517,142,2375,4475,296,4179,,,2655,1874,781,1958,154,1804
ALL,15375,648,14727,,2021-02-11-17-35,2518,119,2399,4475,275,4200,,,2657,1879,778,1957,156,1801
ALL,15375,635,14740,,2021-02-12-05-50,2518,114,2404,4475,264,4211,,,2657,1873,784,1957,150,1807
ALL,15375,587,14788,,2021-02-12-17-35,2518,106,2412,4474,250,4224,,,2658,1880,778,1956,144,1812
ALL,15375,558,14817,,2021-02-13-05-50,2518,105,2413,4474,243,4231,,,2658,1880,778,1956,138,1818
ALL,15357,526,14831,,2021-02-13-17-35,2524,106,2418,4479,231,4248,,,2668,1875,793,1955,125,1830
ALL,15357,519,14838,,2021-02-14-05-50,2524,99,2425,4479,222,4257,,,2668,1874,794,1955,123,1832
ALL,15357,480,14877,,2021-02-14-17-35,2523,93,2430,4479,207,4272,,,2665,1873,792,1956,114,1842
ALL,15357,476,14881,,2021-02-15-05-50,2523,94,2429,4479,209,4270,,,2665,1882,783,1956,115,1841
ALL,15351,423,14928,,2021-02-15-17-40,2521,87,2434,4477,196,4281,,,2665,1901,764,1956,109,1847
ALL,15351,418,14933,,2021-02-16-05-50,2521,92,2429,4477,195,4282,,,2665,1906,759,1956,103,1853
ALL,15306,406,14900,,2021-02-16-17-35,2521,102,2419,4462,197,4265,,,2680,1924,756,1941,95,1846
ALL,15306,394,14912,,2021-02-17-05-50,2521,102,2419,4462,191,4271,,,2680,1924,756,1941,89,1852
ALL,15306,359,14947,,2021-02-17-17-35,2521,90,2431,4462,179,4283,,,2692,1945,747,1941,89,1852
ALL,15306,353,14953,,2021-02-18-05-55,2521,90,2431,4462,177,4285,,,2692,1939,753,1941,87,1854
ALL,15306,336,14970,,2021-02-18-17-35,2522,85,2437,4462,163,4299,,,2692,1926,766,1940,78,1862
ALL,15306,328,14978,,2021-02-19-05-55,2522,86,2436,4462,159,4303,,,2692,1931,761,1940,73,1867
ALL,15306,280,15026,,2021-02-19-17-35,2522,55,2467,4462,126,4336,,,2692,1930,762,1940,71,1869
ALL,15306,273,15033,,2021-02-20-05-55,2522,55,2467,4462,124,4338,,,2692,1931,761,1940,69,1871
ALL,15299,261,15038,,2021-02-20-17-35,2521,52,2469,4461,122,4339,,,2693,1914,779,1940,70,1870
ALL,15299,262,15037,,2021-02-21-05-55,2521,50,2471,4461,118,4343,,,2693,1920,773,1940,68,1872
ALL,15299,255,15044,,2021-02-21-17-35,2521,51,2470,4461,119,4342,,,2693,1903,790,1940,68,1872
ALL,15299,243,15056,,2021-02-22-05-50,2521,48,2473,4461,111,4350,,,2693,1891,802,1940,63,1877
ALL,15299,242,15057,,2021-02-22-17-40,2520,44,2476,4461,108,4353,,,2691,1897,794,1941,64,1877
ALL,15299,244,15055,,2021-02-23-05-55,2520,45,2475,4461,109,4352,,,2691,1892,799,1941,64,1877
ALL,14718,237,14481,,2021-02-23-17-35,2379,46,2333,4310,106,4204,,,2765,1925,840,1931,60,1871
ALL,14562,238,14324,,2021-02-24-05-30,2348,46,2302,4270,107,4163,,,2795,1955,840,1922,61,1861
ALL,12546,222,12324,,2021-02-24-17-30,1446,43,1403,3103,101,3002,,,2881,1995,886,1657,58,1599
ALL,12298,223,12075,,2021-02-25-05-30,1360,37,1323,2964,91,2873,,,2883,1991,892,1604,54,1550
ALL,11388,191,11197,,2021-02-25-17-30,1129,33,1096,2626,77,2549,,,2995,2099,896,1497,44,1453
ALL,11288,192,11096,,2021-02-26-05-30,1079,34,1045,2551,77,2474,,,2995,2099,896,1472,43,1429
ALL,11113,177,10936,,2021-02-26-17-30,1047,30,1017,2501,70,2431,,,3014,2086,928,1454,40,1414
ALL,11134,170,10964,,2021-02-27-05-30,1054,32,1022,2508,71,2437,,,3014,2083,931,1454,39,1415
ALL,11079,173,10906,,2021-02-27-17-30,1042,25,1017,2496,64,2432,,,3021,2078,943,1454,39,1415
ALL,11079,175,10904,,2021-02-28-05-30,1042,27,1015,2496,68,2428,,,3021,2067,954,1454,41,1413
ALL,11045,161,10884,,2021-02-28-17-30,1055,25,1030,2495,70,2425,,,3016,2051,965,1440,45,1395
ALL,11028,158,10870,,2021-03-01-05-30,1053,25,1028,2493,70,2423,,,3018,2048,970,1440,45,1395
ALL,11028,154,10874,,2021-03-01-17-30,1053,25,1028,2493,70,2423,,,3019,2052,967,1440,45,1395
ALL,11028,161,10867,,2021-03-02-05-30,1053,26,1027,2493,73,2420,,,3019,2051,968,1440,47,1393
ALL,10910,142,10768,,2021-03-02-17-30,1013,21,992,2453,65,2388,,,3055,2062,993,1440,44,1396
ALL,10910,139,10771,,2021-03-03-05-30,1013,20,993,2453,62,2391,,,3055,2067,988,1440,42,1398
ALL,10771,135,10636,,2021-03-03-17-30,978,21,957,2418,61,2357,,,3081,2086,995,1440,40,1400
ALL,10771,131,10640,,2021-03-04-05-30,978,21,957,2418,62,2356,,,3081,2089,992,1440,41,1399
ALL,10770,129,10641,,2021-03-04-17-30,978,20,958,2418,47,2371,,,3081,2094,987,1440,27,1413
ALL,10770,128,10642,,2021-03-05-05-30,978,19,959,2418,46,2372,,,3081,2085,996,1440,27,1413
ALL,10747,112,10635,,2021-03-05-17-30,970,15,955,2410,44,2366,,,3073,2105,968,1440,29,1411
ALL,10747,112,10635,,2021-03-06-05-30,970,14,956,2410,41,2369,,,3073,2104,969,1440,27,1413
ALL,10747,103,10644,,2021-03-06-17-30,970,11,959,2410,36,2374,,,3074,2110,964,1440,25,1415
ALL,10747,105,10642,,2021-03-07-05-30,970,11,959,2410,36,2374,,,3074,2107,967,1440,25,1415
ALL,10747,102,10645,,2021-03-07-17-30,970,10,960,2410,35,2375,,,3074,2125,949,1440,25,1415
ALL,10747,101,10646,,2021-03-08-05-30,970,10,960,2410,35,2375,,,3074,2117,957,1440,25,1415
ALL,10647,88,10559,,2021-03-08-17-30,965,8,957,2403,28,2375,,,3107,2094,1013,1438,20,1418
ALL,10647,86,10561,,2021-03-09-05-30,965,8,957,2403,29,2374,,,3107,2086,1021,1438,21,1417
ALL,10598,88,10510,,2021-03-09-17-30,957,8,949,2391,26,2365,,,3095,2137,958,1434,18,1416
ALL,10598,86,10512,,2021-03-10-05-30,957,8,949,2391,27,2364,,,3095,2138,957,1434,19,1415
ALL,10598,92,10506,,2021-03-10-17-30,957,9,948,2391,30,2361,,,3095,2140,955,1434,21,1413
ALL,10598,92,10506,,2021-03-11-05-30,957,9,948,2391,29,2362,,,3095,2140,955,1434,20,1414
ALL,10579,99,10480,,2021-03-11-17-30,955,8,947,2387,27,2360,,,3100,2166,934,1432,19,1413
ALL,10579,99,10480,,2021-03-12-05-30,955,8,947,2387,27,2360,,,3100,2165,935,1432,19,1413
ALL,10579,96,10483,,2021-03-12-17-30,955,9,946,2387,28,2359,,,3100,2181,919,1432,19,1413
ALL,10573,97,10476,,2021-03-13-05-30,954,9,945,2386,29,2357,,,3101,2181,920,1432,20,1412
ALL,10560,93,10467,,2021-03-13-17-30,954,10,944,2386,30,2356,,,3100,2116,984,1432,20,1412
ALL,10560,92,10468,,2021-03-14-05-30,954,9,945,2386,29,2357,,,3100,2132,968,1432,20,1412
ALL,10560,101,10459,,2021-03-14-17-30,954,10,944,2386,32,2354,,,3100,2123,977,1432,22,1410
ALL,10560,102,10458,,2021-03-15-05-30,954,10,944,2386,33,2353,,,3100,2116,984,1432,23,1409
ALL,10316,102,10214,,2021-03-15-17-30,954,9,945,2336,34,2302,,,3100,2132,968,1382,25,1357
ALL,10316,101,10215,,2021-03-16-05-30,954,9,945,2336,34,2302,,,3100,2134,966,1382,25,1357
ALL,10316,86,10230,,2021-03-16-17-30,954,10,944,2336,30,2306,,,3100,2100,1000,1382,20,1362
ALL,10316,87,10229,,2021-03-17-05-30,954,10,944,2336,29,2307,,,3100,2099,1001,1382,19,1363
ALL,10313,90,10223,,2021-03-17-17-30,954,11,943,2336,30,2306,,,3100,2138,962,1382,19,1363
ALL,10313,88,10225,,2021-03-18-05-30,954,11,943,2336,30,2306,,,3100,2139,961,1382,19,1363
ALL,10244,76,10168,,2021-03-18-17-30,942,10,932,2324,27,2297,,,3100,2098,1002,1382,17,1365
ALL,10244,75,10169,,2021-03-19-05-30,942,10,932,2324,26,2298,,,3100,2093,1007,1382,16,1366
ALL,10244,75,10169,,2021-03-19-17-30,942,10,932,2324,25,2299,,,3100,2114,986,1382,15,1367
ALL,10244,73,10171,,2021-03-20-05-30,942,10,932,2324,24,2300,,,3100,2101,999,1382,14,1368
ALL,10244,72,10172,,2021-03-20-17-30,941,6,935,2324,22,2302,,,3101,2105,996,1383,16,1367
ALL,10244,73,10171,,2021-03-21-05-30,941,6,935,2324,23,2301,,,3101,2116,985,1383,17,1366
ALL,10244,78,10166,,2021-03-21-17-30,942,6,936,2324,25,2299,,,3102,2113,989,1382,19,1363
ALL,10244,78,10166,,2021-03-22-05-30,939,6,933,2324,25,2299,,,3093,2121,972,1385,19,1366
ALL,10225,72,10153,,2021-03-22-17-30,939,7,932,2305,23,2282,,,3094,2147,947,1366,16,1350
ALL,10225,71,10154,,2021-03-23-05-30,939,7,932,2305,23,2282,,,3094,2144,950,1366,16,1350
ALL,10375,102,10273,,2021-03-23-17-30,944,6,938,2305,20,2285,,,3094,2161,933,1361,14,1347
ALL,10375,103,10272,,2021-03-24-05-30,944,6,938,2305,20,2285,,,3094,2162,932,1361,14,1347
ALL,10205,80,10125,,2021-03-24-17-30,949,7,942,2310,20,2290,,,3158,2178,980,1361,13,1348
ALL,10205,80,10125,,2021-03-25-05-30,949,7,942,2310,19,2291,,,3158,2171,987,1361,12,1349
ALL,9805,87,9718,,2021-03-25-17-30,949,6,943,2210,21,2189,,,3158,2169,989,1261,15,1246
ALL,9805,86,9719,,2021-03-26-05-30,949,6,943,2210,21,2189,,,3158,2175,983,1261,15,1246
ALL,9805,86,9719,,2021-03-26-17-30,949,3,946,2210,18,2192,,,3158,2189,969,1261,15,1246
ALL,9805,85,9720,,2021-03-27-05-30,949,3,946,2210,17,2193,,,3158,2184,974,1261,14,1247
ALL,9805,69,9736,,2021-03-27-17-30,949,3,946,2210,15,2195,,,3158,2170,988,1261,12,1249
ALL,9805,69,9736,,2021-03-28-05-30,949,3,946,2210,15,2195,,,3158,2171,987,1261,12,1249
ALL,9791,59,9732,,2021-03-28-17-30,943,4,939,2203,15,2188,,,3165,2175,990,1260,11,1249
ALL,9791,59,9732,,2021-03-29-05-30,943,4,939,2203,15,2188,,,3165,2185,980,1260,11,1249
ALL,9791,64,9727,,2021-03-29-17-30,943,5,938,2203,12,2191,,,3165,2225,940,1260,7,1253
ALL,9791,65,9726,,2021-03-30-05-30,943,5,938,2203,12,2191,,,3165,2225,940,1260,7,1253
ALL,9791,63,9728,,2021-03-30-17-30,943,5,938,2203,14,2189,,,3165,2231,934,1260,9,1251
ALL,9791,63,9728,,2021-03-31-05-30,943,5,938,2203,14,2189,,,3165,2236,929,1260,9,1251
ALL,9791,63,9728,,2021-03-31-17-30,943,5,938,2203,12,2191,,,3165,2241,924,1260,7,1253
ALL,9791,63,9728,,2021-04-01-05-30,943,5,938,2203,12,2191,,,3165,2244,921,1260,7,1253
ALL,9755,58,9697,,2021-04-01-17-30,943,4,939,2203,13,2190,,,3165,2210,955,1260,9,1251
ALL,9755,59,9696,,2021-04-02-05-30,943,4,939,2203,13,2190,,,3165,2206,959,1260,9,1251
ALL,9755,62,9693,,2021-04-02-17-30,943,3,940,2203,14,2189,,,3165,2189,976,1260,11,1249
ALL,9755,62,9693,,2021-04-03-05-30,943,3,940,2203,15,2188,,,3165,2191,974,1260,12,1248
ALL,9755,62,9693,,2021-04-03-17-30,943,3,940,2203,14,2189,,,3165,2192,973,1260,11,1249
ALL,9755,59,9696,,2021-04-04-05-30,943,3,940,2203,13,2190,,,3165,2187,978,1260,10,1250
ALL,9755,51,9704,,2021-04-04-17-30,943,3,940,2203,12,2191,,,3165,2161,1004,1260,9,1251
ALL,9755,51,9704,,2021-04-05-05-30,944,4,940,2204,13,2191,,,3165,2169,996,1260,9,1251
ALL,9745,40,9705,,2021-04-05-17-30,942,3,939,2202,13,2189,,,3165,2183,982,1260,10,1250
ALL,9745,39,9706,,2021-04-06-05-30,942,3,939,2202,13,2189,,,3165,2183,982,1260,10,1250
ALL,9745,40,9705,,2021-04-06-17-30,942,3,939,2202,13,2189,,,3165,2180,985,1260,10,1250
ALL,9745,40,9705,,2021-04-07-05-30,942,3,939,2202,13,2189,,,3165,2184,981,1260,10,1250
ALL,9745,39,9706,,2021-04-07-17-30,942,3,939,2202,12,2190,,,3165,2182,983,1260,9,1251
ALL,9745,41,9704,,2021-04-08-05-30,942,3,939,2202,12,2190,,,3165,2179,986,1260,9,1251
ALL,9745,48,9697,,2021-04-08-17-30,942,3,939,2202,16,2186,,,3165,2182,983,1260,13,1247
ALL,9745,49,9696,,2021-04-09-05-30,942,3,939,2202,16,2186,,,3165,2181,984,1260,13,1247
ALL,9745,55,9690,,2021-04-09-17-30,942,9,933,2202,21,2181,,,3167,2206,961,1260,12,1248
ALL,9745,55,9690,,2021-04-10-05-30,942,9,933,2202,21,2181,,,3167,2193,974,1260,12,1248
ALL,9745,48,9697,,2021-04-10-17-30,942,5,937,2202,16,2186,,,3167,2196,971,1260,11,1249
ALL,9745,48,9697,,2021-04-11-05-30,942,5,937,2202,16,2186,,,3167,2196,971,1260,11,1249
ALL,9745,47,9698,,2021-04-11-17-30,942,6,936,2202,15,2187,,,3167,2218,949,1260,9,1251
ALL,9745,49,9696,,2021-04-12-05-30,942,7,935,2202,16,2186,,,3167,2226,941,1260,9,1251
ALL,9745,40,9705,,2021-04-12-17-30,942,6,936,2202,15,2187,,,3167,2193,974,1260,9,1251
ALL,9745,39,9706,,2021-04-13-05-30,942,6,936,2202,15,2187,,,3167,2194,973,1260,9,1251
ALL,9745,44,9701,,2021-04-13-17-30,942,6,936,2202,16,2186,,,3167,2174,993,1260,10,1250
ALL,9745,44,9701,,2021-04-14-05-30,942,6,936,2202,16,2186,,,3167,2183,984,1260,10,1250
ALL,9745,47,9698,,2021-04-14-17-30,946,6,940,2202,15,2187,,,3165,2187,978,1256,9,1247
ALL,9745,46,9699,,2021-04-15-05-30,946,6,940,2202,15,2187,,,3165,2184,981,1256,9,1247
ALL,9735,50,9685,,2021-04-15-17-30,940,6,934,2197,15,2182,,,3165,2223,942,1257,9,1248
ALL,9735,51,9684,,2021-04-16-05-30,940,6,934,2197,15,2182,,,3165,2212,953,1257,9,1248
ALL,9735,60,9675,,2021-04-16-17-30,940,11,929,2197,21,2176,,,3166,2197,969,1257,10,1247
ALL,9735,62,9673,,2021-04-17-05-30,940,11,929,2197,21,2176,,,3166,2192,974,1257,10,1247
ALL,9735,70,9665,,2021-04-17-17-30,939,11,928,2197,23,2174,,,3152,2193,959,1258,12,1246
ALL,9735,73,9662,,2021-04-18-05-30,939,11,928,2197,23,2174,,,3152,2191,961,1258,12,1246
ALL,9735,82,9653,,2021-04-18-17-30,939,8,931,2197,20,2177,,,3152,2197,955,1258,12,1246
ALL,9735,83,9652,,2021-04-19-05-30,939,8,931,2197,20,2177,,,3152,2215,937,1258,12,1246
ALL,9737,83,9654,,2021-04-19-17-30,939,7,932,2197,22,2175,,,3152,2208,944,1258,15,1243
ALL,9737,87,9650,,2021-04-20-05-30,939,7,932,2197,23,2174,,,3152,2212,940,1258,16,1242
ALL,9737,90,9647,,2021-04-20-17-30,939,11,928,2203,29,2174,,,3153,2261,892,1264,18,1246
ALL,9730,79,9651,,2021-04-21-17-30,932,18,914,2196,24,2172,,,3153,2286,867,1264,6,1258
ALL,9730,78,9652,,2021-04-22-05-30,932,18,914,2196,24,2172,,,3153,2285,868,1264,6,1258
ALL,20157,18009,2148,,2021-04-22-08-41,3211,3187,24,4671,4641,30,,,1152,897,255,1460,1454,6
ALL,20174,18026,2148,,2021-04-22-08-50,3211,3187,24,4671,4641,30,,,1152,897,255,1460,1454,6
ALL,20174,18026,2148,,2021-04-22-08-56,3211,3187,24,4671,4641,30,,,1152,897,255,1460,1454,6
ALL,20174,18029,2145,,2021-04-22-09-02,3211,3187,24,4671,4641,30,,,1152,897,255,1460,1454,6
ALL,20201,18164,2037,,2021-04-22-11-09,3211,3187,24,4671,4643,28,,,1152,893,259,1460,1456,4
ALL,20357,18272,2085,,2021-04-22-14:54,3224,3212,12,4684,4668,16,,,1148,892,256,1460,1456,4
ALL,20357,18272,2085,,2021-04-22-14-55,3224,3212,12,4684,4668,16,,,1148,892,256,1460,1456,4
ALL,20355,18285,2070,,2021-04-22-15-42,3224,3212,12,4684,4668,16,,,1148,892,256,1460,1456,4
ALL,20348,18291,2057,,2021-04-22-16-32,3224,3212,12,4684,4666,18,,,1148,889,259,1460,1454,6
ALL,20349,18314,2035,,2021-04-22-17-29,3222,3210,12,4684,4666,18,,,1148,887,261,1462,1456,6
ALL,9706,92,9614,,2021-04-22-17-30,933,24,909,2197,32,2165,,,3152,2276,876,1264,8,1256
ALL,20448,18277,2171,,2021-04-22-18-40,3222,3210,12,4684,4666,18,,,1148,887,261,1462,1456,6
ALL,20433,18280,2153,,2021-04-22-19-32,3205,3194,11,4663,4648,15,,,1148,887,261,1458,1454,4
ALL,20433,18279,2154,,2021-04-22-20-42,3205,3194,11,4663,4648,15,,,1148,887,261,1458,1454,4
ALL,20433,18295,2138,,2021-04-22-21-35,3205,3194,11,4663,4648,15,,,1148,887,261,1458,1454,4
ALL,20431,18294,2137,,2021-04-22-22-49,3204,3193,11,4662,4647,15,,,1148,887,261,1458,1454,4
ALL,20434,18259,2175,,2021-04-22-23-41,3204,3193,11,4662,4647,15,,,1148,887,261,1458,1454,4
ALL,20438,18310,2128,,2021-04-23-00-42,3204,3193,11,4662,4647,15,,,1148,888,260,1458,1454,4
ALL,20438,18315,2123,,2021-04-23-01-34,3204,3193,11,4662,4647,15,,,1148,888,260,1458,1454,4
ALL,20438,18322,2116,,2021-04-23-02-32,3204,3193,11,4662,4647,15,,,1148,888,260,1458,1454,4
ALL,20440,18333,2107,,2021-04-23-03-37,3204,3193,11,4662,4647,15,,,1148,888,260,1458,1454,4
ALL,20440,18331,2109,,2021-04-23-04-42,3204,3193,11,4662,4647,15,,,1148,888,260,1458,1454,4
ALL,9706,91,9615,,2021-04-23-05-30,933,24,909,2197,32,2165,,,3152,2272,880,1264,8,1256
ALL,20440,18331,2109,,2021-04-23-05-46,3204,3193,11,4662,4647,15,,,1148,888,260,1458,1454,4
ALL,20445,18359,2086,,2021-04-23-06-59,3204,3193,11,4662,4650,12,,,1148,888,260,1458,1457,1
ALL,20445,18429,2016,,2021-04-23-07-56,3205,3194,11,4662,4650,12,,,1148,880,268,1457,1456,1
ALL,20444,18425,2019,,2021-04-23-08-40,3208,3197,11,4665,4653,12,,,1148,879,269,1457,1456,1
ALL,20455,18449,2006,,2021-04-23-09-43,3208,3184,24,4665,4640,25,,,1148,879,269,1457,1456,1
ALL,20642,18503,2139,,2021-04-23-10-46,3200,3176,24,4671,4646,25,,,1148,878,270,1471,1470,1
ALL,20642,18564,2078,,2021-04-23-11-40,3200,3176,24,4671,4646,25,,,1148,878,270,1471,1470,1
ALL,20677,18491,2186,,2021-04-23-12-36,3200,3176,24,4671,4646,25,,,1154,880,274,1471,1470,1
ALL,20608,18276,2332,,2021-04-23-13-32,3234,2976,258,4706,4447,259,,,1154,880,274,1472,1471,1
ALL,20452,18378,2074,,2021-04-23-14-33,3018,2994,24,4490,4464,26,,,1154,880,274,1472,1470,2
ALL,20351,18220,2131,,2021-04-23-15-32,3118,3075,43,4590,4546,44,,,1154,880,274,1472,1471,1
ALL,20347,18432,1915,,2021-04-23-16-32,3118,3080,38,4606,4567,39,,,1154,881,273,1488,1487,1
ALL,9399,107,9292,,2021-04-23-17-30,903,25,878,2159,34,2125,,,3152,2279,873,1256,9,1247
ALL,20407,18505,1902,,2021-04-23-17-32,3115,3082,33,4606,4572,34,,,1154,880,274,1491,1490,1
ALL,20397,18514,1883,,2021-04-23-18-39,3104,3087,17,4594,4572,22,,,1154,879,275,1490,1485,5
ALL,20419,18514,1905,,2021-04-23-19-32,3104,3087,17,4594,4572,22,,,1154,880,274,1490,1485,5
ALL,20419,18514,1905,,2021-04-23-20-32,3104,3087,17,4594,4572,22,,,1154,880,274,1490,1485,5
ALL,20421,18565,1856,,2021-04-23-21-34,3104,3087,17,4594,4572,22,,,1154,881,273,1490,1485,5
ALL,20422,18567,1855,,2021-04-23-22-50,3104,3087,17,4594,4572,22,,,1154,881,273,1490,1485,5
ALL,20422,18567,1855,,2021-04-23-23-41,3104,3087,17,4594,4572,22,,,1154,881,273,1490,1485,5
ALL,20211,18648,1563,,2021-04-24-00-38,3104,3087,17,4594,4572,22,,,1154,881,273,1490,1485,5
ALL,20213,18650,1563,,2021-04-24-01-32,3104,3087,17,4594,4572,22,,,1154,881,273,1490,1485,5
ALL,20216,18653,1563,,2021-04-24-02-32,3104,3087,17,4594,4572,22,,,1154,881,273,1490,1485,5
ALL,20216,18636,1580,,2021-04-24-03-32,3104,3086,18,4594,4571,23,,,1154,881,273,1490,1485,5
ALL,20216,18636,1580,,2021-04-24-04-33,3104,3086,18,4594,4571,23,,,1154,881,273,1490,1485,5
ALL,9399,108,9291,,2021-04-24-05-30,903,26,877,2159,35,2124,,,3152,2275,877,1256,9,1247
ALL,20216,18618,1598,,2021-04-24-05-37,3104,3086,18,4594,4571,23,,,1154,881,273,1490,1485,5
ALL,20215,18630,1585,,2021-04-24-06-56,3104,3087,17,4594,4568,26,,,1154,881,273,1490,1481,9
ALL,20090,18617,1473,,2021-04-24-07-52,3117,3100,17,4607,4581,26,,,1154,875,279,1490,1481,9
ALL,20093,18632,1461,,2021-04-24-08-37,3116,3099,17,4607,4581,26,,,1154,875,279,1491,1482,9
ALL,20072,18589,1483,,2021-04-24-09-33,3116,3098,18,4607,4580,27,,,1154,872,282,1491,1482,9
ALL,19587,17969,1618,,2021-04-24-10-36,3113,3096,17,4579,4553,26,,,1154,872,282,1466,1457,9
ALL,19602,18035,1567,,2021-04-24-11-32,3128,3108,20,4597,4568,29,,,1154,872,282,1469,1460,9
ALL,19815,18065,1750,,2021-04-24-12-36,3128,3108,20,4597,4568,29,,,1155,875,280,1469,1460,9
ALL,19820,18113,1707,,2021-04-24-13-32,3136,3116,20,4607,4582,25,,,1149,870,279,1471,1466,5
ALL,19819,18048,1771,,2021-04-24-14-32,3136,3116,20,4607,4582,25,,,1149,870,279,1471,1466,5
ALL,19822,18058,1764,,2021-04-24-15-32,3136,3116,20,4607,4582,25,,,1149,870,279,1471,1466,5
ALL,19824,18125,1699,,2021-04-24-16-32,3136,3119,17,4607,4585,22,,,1149,870,279,1471,1466,5
ALL,9379,107,9272,,2021-04-24-17-30,905,27,878,2158,35,2123,,,3153,2272,881,1253,8,1245
ALL,19812,18131,1681,,2021-04-24-17-32,3135,3118,17,4607,4585,22,,,1149,869,280,1472,1467,5
ALL,19816,18193,1623,,2021-04-24-18-39,3135,3124,11,4607,4595,12,,,1149,870,279,1472,1471,1
ALL,19813,18190,1623,,2021-04-24-19-32,3135,3124,11,4607,4595,12,,,1149,870,279,1472,1471,1
ALL,19814,18193,1621,,2021-04-24-20-32,3135,3124,11,4607,4595,12,,,1149,870,279,1472,1471,1
ALL,19811,18177,1634,,2021-04-24-21-34,3135,3124,11,4607,4595,12,,,1149,870,279,1472,1471,1
ALL,19802,18162,1640,,2021-04-24-22-49,3135,3124,11,4621,4609,12,,,1149,870,279,1486,1485,1
ALL,19818,18245,1573,,2021-04-24-23-50,3135,3124,11,4621,4608,13,,,1149,870,279,1486,1484,2
ALL,19802,18229,1573,,2021-04-25-00-37,3135,3124,11,4621,4609,12,,,1149,870,279,1486,1485,1
ALL,19757,18183,1574,,2021-04-25-01-40,3125,3114,11,4611,4599,12,,,1149,870,279,1486,1485,1
ALL,19757,18183,1574,,2021-04-25-02-32,3125,3114,11,4611,4599,12,,,1149,870,279,1486,1485,1
ALL,19757,18183,1574,,2021-04-25-03-42,3125,3114,11,4611,4599,12,,,1149,871,278,1486,1485,1
ALL,19756,18182,1574,,2021-04-25-04-24,3125,3114,11,4611,4599,12,,,1149,874,275,1486,1485,1
ALL,19756,18182,1574,,2021-04-25-04-41,3125,3114,11,4611,4599,12,,,1149,874,275,1486,1485,1
ALL,19756,18182,1574,,2021-04-25-04-43,3125,3114,11,4611,4599,12,,,1149,874,275,1486,1485,1
ALL,9379,111,9268,,2021-04-25-05-30,905,27,878,2158,35,2123,,,3147,2269,878,1253,8,1245
ALL,19756,18213,1543,,2021-04-25-05-37,3125,3114,11,4611,4599,12,,,1149,874,275,1486,1485,1
ALL,19731,18194,1537,,2021-04-25-06-58,3125,3114,11,4611,4598,13,,,1149,874,275,1486,1484,2
ALL,19731,18183,1548,,2021-04-25-07-55,3126,3114,12,4612,4598,14,,,1149,864,285,1486,1484,2
ALL,19761,18225,1536,,2021-04-25-08-39,3126,3113,13,4612,4597,15,,,1149,862,287,1486,1484,2
ALL,19763,18209,1554,,2021-04-25-09-34,3126,3113,13,4612,4597,15,,,1149,862,287,1486,1484,2
ALL,20333,18748,1585,,2021-04-25-10-37,3123,3110,13,4648,4633,15,,,1149,857,292,1525,1523,2
ALL,20333,18760,1573,,2021-04-25-11-32,3108,3094,14,4648,4631,17,,,1149,852,297,1540,1537,3
ALL,20299,18727,1572,,2021-04-25-12-35,3105,3091,14,4645,4628,17,,,1152,855,297,1540,1537,3
ALL,20299,18741,1558,,2021-04-25-13-32,3105,3092,13,4645,4630,15,,,1152,855,297,1540,1538,2
ALL,20299,18777,1522,,2021-04-25-14-32,3105,3092,13,4645,4630,15,,,1152,855,297,1540,1538,2
ALL,20308,18760,1548,,2021-04-25-15-32,3105,3093,12,4645,4631,14,,,1152,855,297,1540,1538,2
ALL,20309,18756,1553,,2021-04-25-16-32,3105,3093,12,4645,4631,14,,,1152,855,297,1540,1538,2
ALL,9379,125,9254,,2021-04-25-17-30,906,24,882,2158,37,2121,,,3147,2277,870,1252,13,1239
ALL,20303,18757,1546,,2021-04-25-17-32,3105,3094,11,4645,4632,13,,,1152,855,297,1540,1538,2
ALL,20293,18773,1520,,2021-04-25-18-39,3105,3094,11,4645,4632,13,,,1152,857,295,1540,1538,2
ALL,20293,18775,1518,,2021-04-25-19-32,3105,3094,11,4645,4632,13,,,1152,857,295,1540,1538,2
ALL,20423,18891,1532,,2021-04-25-20-32,3104,3093,11,4676,4663,13,,,1152,857,295,1572,1570,2
ALL,20385,18833,1552,,2021-04-25-21-33,3103,3092,11,4675,4662,13,,,1152,857,295,1572,1570,2
ALL,20388,18838,1550,,2021-04-25-22-49,3103,3092,11,4675,4662,13,,,1152,857,295,1572,1570,2
ALL,20388,18848,1540,,2021-04-25-23-41,3103,3092,11,4675,4662,13,,,1152,857,295,1572,1570,2
ALL,20388,18850,1538,,2021-04-26-00-37,3106,3095,11,4678,4665,13,,,1152,857,295,1572,1570,2
ALL,20388,18850,1538,,2021-04-26-01-32,3106,3095,11,4678,4665,13,,,1152,857,295,1572,1570,2
ALL,20388,18817,1571,,2021-04-26-02-32,3106,3095,11,4678,4665,13,,,1152,857,295,1572,1570,2
ALL,20388,18817,1571,,2021-04-26-03-32,3106,3095,11,4678,4665,13,,,1152,857,295,1572,1570,2
ALL,20388,18817,1571,,2021-04-26-04-32,3106,3095,11,4678,4665,13,,,1152,857,295,1572,1570,2
ALL,9379,126,9253,,2021-04-26-05-30,906,25,881,2158,39,2119,,,3153,2282,871,1252,14,1238
ALL,20388,18817,1571,,2021-04-26-05-37,3106,3095,11,4678,4665,13,,,1152,853,299,1572,1570,2
ALL,20388,18818,1570,,2021-04-26-06-56,3106,3095,11,4678,4666,12,,,1152,853,299,1572,1571,1
ALL,20401,18822,1579,,2021-04-26-07-55,3103,3092,11,4678,4666,12,,,1152,862,290,1575,1574,1
ALL,20457,18862,1595,,2021-04-26-08-39,3103,3092,11,4678,4666,12,,,1152,860,292,1575,1574,1
ALL,20462,18858,1604,,2021-04-26-09-35,3109,3098,11,4684,4672,12,,,1150,857,293,1575,1574,1
ALL,20487,18809,1678,,2021-04-26-10-37,3100,3089,11,4684,4672,12,,,1150,856,294,1584,1583,1
ALL,20385,18788,1597,,2021-04-26-11-32,3101,3090,11,4685,4673,12,,,1150,854,296,1584,1583,1
ALL,20380,18782,1598,,2021-04-26-12-36,3088,3077,11,4672,4660,12,,,1150,854,296,1584,1583,1
ALL,20383,18771,1612,,2021-04-26-13-32,3088,3077,11,4672,4660,12,,,1150,854,296,1584,1583,1
ALL,20373,18795,1578,,2021-04-26-14-32,3088,3077,11,4672,4660,12,,,1150,854,296,1584,1583,1
ALL,20353,18773,1580,,2021-04-26-15-32,3088,3077,11,4672,4660,12,,,1150,853,297,1584,1583,1
ALL,20365,18758,1607,,2021-04-26-16-32,3088,3077,11,4672,4660,12,,,1150,849,301,1584,1583,1
ALL,9378,138,9240,,2021-04-26-17-30,906,32,874,2158,42,2116,,,3152,2287,865,1252,10,1242
ALL,20347,18721,1626,,2021-04-26-17-33,3090,3079,11,4674,4662,12,,,1150,854,296,1584,1583,1
ALL,20402,18661,1741,,2021-04-26-18-40,3090,3079,11,4674,4661,13,,,1150,853,297,1584,1582,2
ALL,20405,18675,1730,,2021-04-26-19-32,3090,3079,11,4674,4662,12,,,1150,849,301,1584,1583,1
ALL,20403,18685,1718,,2021-04-26-20-32,3089,3078,11,4673,4661,12,,,1150,849,301,1584,1583,1
ALL,20461,18733,1728,,2021-04-26-21-34,3089,3078,11,4705,4693,12,,,1150,853,297,1616,1615,1
ALL,20461,18739,1722,,2021-04-26-22-49,3089,3078,11,4705,4693,12,,,1150,853,297,1616,1615,1
ALL,20461,18747,1714,,2021-04-26-23-41,3089,3078,11,4705,4693,12,,,1150,853,297,1616,1615,1
ALL,20461,18747,1714,,2021-04-27-00-37,3089,3078,11,4705,4693,12,,,1150,852,298,1616,1615,1
ALL,20461,18744,1717,,2021-04-27-01-32,3089,3078,11,4705,4693,12,,,1150,853,297,1616,1615,1
ALL,20461,18746,1715,,2021-04-27-02-32,3089,3078,11,4705,4693,12,,,1150,853,297,1616,1615,1
ALL,20461,18726,1735,,2021-04-27-03-32,3089,3078,11,4705,4693,12,,,1150,853,297,1616,1615,1
ALL,20461,18725,1736,,2021-04-27-04-32,3089,3078,11,4705,4693,12,,,1150,853,297,1616,1615,1
ALL,9378,135,9243,,2021-04-27-05-30,906,32,874,2158,39,2119,,,3152,2290,862,1252,7,1245
ALL,20472,18745,1727,,2021-04-27-05-36,3089,3078,11,4705,4693,12,,,1148,856,292,1616,1615,1
ALL,20500,18773,1727,,2021-04-27-06-55,3089,3078,11,4705,4693,12,,,1148,856,292,1616,1615,1
ALL,20497,18756,1741,,2021-04-27-07-51,3087,3076,11,4703,4691,12,,,1148,855,293,1616,1615,1
ALL,20562,18798,1764,,2021-04-27-08-36,3099,3088,11,4717,4705,12,,,1138,856,282,1618,1617,1
ALL,20566,18833,1733,,2021-04-27-09-32,3097,3086,11,4715,4700,15,,,1138,854,284,1618,1614,4
ALL,20612,18800,1812,,2021-04-27-10-35,3110,3099,11,4730,4715,15,,,1133,847,286,1620,1616,4
ALL,20678,18818,1860,,2021-04-27-11-32,3115,3104,11,4733,4720,13,,,1133,847,286,1618,1616,2
ALL,20722,18915,1807,,2021-04-27-12-35,3115,3103,12,4733,4719,14,,,1133,848,285,1618,1616,2
ALL,20721,18914,1807,,2021-04-27-13-32,3115,3103,12,4733,4719,14,,,1133,848,285,1618,1616,2
ALL,20755,18965,1790,,2021-04-27-14-32,3119,3107,12,4737,4723,14,,,1133,848,285,1618,1616,2
ALL,20819,19039,1780,,2021-04-27-15-32,3121,3109,12,4740,4726,14,,,1133,848,285,1619,1617,2
ALL,20825,19048,1777,,2021-04-27-16-32,3121,3109,12,4740,4726,14,,,1133,847,286,1619,1617,2
ALL,9379,158,9221,,2021-04-27-17-30,913,35,878,2164,47,2117,,,3148,2262,886,1251,12,1239
ALL,20741,19021,1720,,2021-04-27-17-33,3120,3108,12,4740,4727,13,,,1133,847,286,1620,1619,1
ALL,20754,19034,1720,,2021-04-27-18-39,3120,3108,12,4740,4727,13,,,1133,846,287,1620,1619,1
ALL,20754,19041,1713,,2021-04-27-19-32,3121,3109,12,4741,4728,13,,,1133,846,287,1620,1619,1
ALL,20751,19041,1710,,2021-04-27-20-32,3121,3109,12,4741,4728,13,,,1133,846,287,1620,1619,1
ALL,20751,19040,1711,,2021-04-27-21-43,3122,3110,12,4742,4729,13,,,1133,846,287,1620,1619,1
ALL,20751,19041,1710,,2021-04-27-22-50,3122,3110,12,4742,4729,13,,,1133,846,287,1620,1619,1
ALL,20751,19041,1710,,2021-04-27-23-51,3122,3110,12,4742,4729,13,,,1133,846,287,1620,1619,1
ALL,20751,19041,1710,,2021-04-28-00-47,3122,3110,12,4742,4729,13,,,1133,846,287,1620,1619,1
ALL,20751,19025,1726,,2021-04-28-01-42,3122,3103,19,4742,4722,20,,,1133,846,287,1620,1619,1
ALL,20751,19027,1724,,2021-04-28-02-40,3122,3103,19,4742,4722,20,,,1133,846,287,1620,1619,1
ALL,20751,19027,1724,,2021-04-28-03-32,3122,3103,19,4742,4722,20,,,1133,846,287,1620,1619,1
ALL,20751,19015,1736,,2021-04-28-04-42,3122,3104,18,4742,4723,19,,,1133,843,290,1620,1619,1
ALL,9379,154,9225,,2021-04-28-05-30,913,35,878,2164,44,2120,,,3148,2268,880,1251,9,1242
ALL,20751,19014,1737,,2021-04-28-05-46,3122,3104,18,4742,4723,19,,,1133,843,290,1620,1619,1
ALL,20803,19095,1708,,2021-04-28-07-05,3134,3116,18,4755,4736,19,,,1133,843,290,1621,1620,1
ALL,20815,19137,1678,,2021-04-28-08-02,3134,3116,18,4755,4736,19,,,1136,840,296,1621,1620,1
ALL,20819,19169,1650,,2021-04-28-08-37,3134,3116,18,4755,4736,19,,,1136,838,298,1621,1620,1
ALL,20819,19153,1666,,2021-04-28-09-33,3134,3115,19,4755,4735,20,,,1136,839,297,1621,1620,1
ALL,20851,19066,1785,,2021-04-28-10-36,3135,3119,16,4756,4735,21,,,1136,839,297,1621,1616,5
ALL,20926,19242,1684,,2021-04-28-12-35,3135,3117,18,4763,4740,23,,,1136,822,314,1628,1623,5
ALL,20942,19241,1701,,2021-04-28-13-32,3132,3116,16,4763,4742,21,,,1136,822,314,1631,1626,5
ALL,20942,19276,1666,,2021-04-28-14-32,3132,3116,16,4763,4742,21,,,1136,822,314,1631,1626,5
ALL,20932,19291,1641,,2021-04-28-15-42,3117,3101,16,4774,4753,21,,,1136,834,302,1657,1652,5
ALL,20970,19330,1640,,2021-04-28-16-41,3118,3102,16,4774,4753,21,,,1136,838,298,1656,1651,5
ALL,9579,149,9430,,2021-04-28-17-30,1262,33,1229,2514,42,2472,,,3148,2253,895,1252,9,1243
ALL,20961,19290,1671,,2021-04-28-17-33,3127,3111,16,4791,4770,21,,,1133,839,294,1664,1659,5
ALL,20986,19309,1677,,2021-04-28-18-40,3128,3111,17,4794,4770,24,,,1133,839,294,1666,1659,7
ALL,21012,19360,1652,,2021-04-28-19-32,3128,3117,11,4797,4779,18,,,1133,839,294,1669,1662,7
ALL,21000,19364,1636,,2021-04-28-20-32,3127,3116,11,4796,4778,18,,,1133,839,294,1669,1662,7
ALL,21008,19372,1636,,2021-04-28-21-34,3136,3125,11,4809,4791,18,,,1120,826,294,1673,1666,7
ALL,21021,19386,1635,,2021-04-28-22-50,3141,3130,11,4814,4796,18,,,1115,826,289,1673,1666,7
ALL,21021,19386,1635,,2021-04-28-23-41,3141,3130,11,4814,4796,18,,,1115,826,289,1673,1666,7
ALL,21023,19388,1635,,2021-04-29-00-37,3141,3130,11,4814,4796,18,,,1115,826,289,1673,1666,7
ALL,21043,19401,1642,,2021-04-29-01-32,3146,3135,11,4821,4803,18,,,1115,826,289,1675,1668,7
ALL,21043,19401,1642,,2021-04-29-02-32,3146,3135,11,4821,4803,18,,,1115,826,289,1675,1668,7
ALL,21043,19370,1673,,2021-04-29-03-32,3146,3135,11,4821,4803,18,,,1115,826,289,1675,1668,7
ALL,21043,19370,1673,,2021-04-29-04-32,3146,3135,11,4821,4803,18,,,1115,826,289,1675,1668,7
ALL,9579,147,9432,,2021-04-29-05-30,1262,33,1229,2514,42,2472,,,3148,2243,905,1252,9,1243
ALL,21043,19375,1668,,2021-04-29-05-37,3146,3135,11,4821,4803,18,,,1115,826,289,1675,1668,7
ALL,21042,19389,1653,,2021-04-29-06-55,3146,3135,11,4821,4802,19,,,1115,826,289,1675,1667,8
ALL,21130,19462,1668,,2021-04-29-07-51,3146,3140,6,4859,4845,14,,,1116,830,286,1713,1705,8
ALL,21138,19448,1690,,2021-04-29-08-34,3146,3140,6,4866,4852,14,,,1116,823,293,1720,1712,8
ALL,21138,19484,1654,,2021-04-29-09-32,3146,3140,6,4866,4852,14,,,1116,823,293,1720,1712,8
ALL,21152,19525,1627,,2021-04-29-10-34,3149,3141,8,4874,4858,16,,,1116,822,294,1725,1717,8
ALL,21014,19497,1517,,2021-04-29-11-32,3155,3149,6,4880,4866,14,,,1110,822,288,1725,1717,8
ALL,20747,19449,1298,,2021-04-29-12-34,3171,3162,9,4896,4879,17,,,1109,820,289,1725,1717,8
ALL,20770,19440,1330,,2021-04-29-13-32,3172,3163,9,4896,4879,17,,,1109,820,289,1724,1716,8
ALL,20819,19500,1319,,2021-04-29-14-32,3180,3171,9,4903,4886,17,,,1113,822,291,1723,1715,8
ALL,20750,19429,1321,,2021-04-29-15-32,3180,3173,7,4903,4892,11,,,1113,820,293,1723,1719,4
ALL,20785,19486,1299,,2021-04-29-16-32,3192,3185,7,4915,4904,11,,,1113,818,295,1723,1719,4
ALL,9581,144,9437,,2021-04-29-17-30,995,37,958,2247,45,2202,,,3148,2242,906,1252,8,1244
ALL,20749,19493,1256,,2021-04-29-17-32,3192,3185,7,4916,4905,11,,,1125,829,296,1724,1720,4
ALL,20725,19502,1223,,2021-04-29-18-39,3183,3176,7,4907,4896,11,,,1125,824,301,1724,1720,4
ALL,20877,19658,1219,,2021-04-29-19-32,3209,3202,7,4933,4922,11,,,1113,812,301,1724,1720,4
ALL,20870,19648,1222,,2021-04-29-20-32,3209,3202,7,4933,4922,11,,,1113,812,301,1724,1720,4
ALL,20870,19662,1208,,2021-04-29-21-33,3209,3202,7,4933,4922,11,,,1113,813,300,1724,1720,4
ALL,20870,19745,1125,,2021-04-29-22-47,3209,3202,7,4933,4922,11,,,1113,813,300,1724,1720,4
ALL,20870,19745,1125,,2021-04-29-23-40,3209,3202,7,4933,4922,11,,,1113,813,300,1724,1720,4
ALL,20870,19746,1124,,2021-04-30-00-36,3209,3202,7,4933,4922,11,,,1113,813,300,1724,1720,4
ALL,20870,19745,1125,,2021-04-30-01-32,3209,3202,7,4933,4922,11,,,1113,813,300,1724,1720,4
ALL,20870,19743,1127,,2021-04-30-02-32,3209,3202,7,4933,4922,11,,,1113,812,301,1724,1720,4
ALL,20870,19739,1131,,2021-04-30-03-32,3209,3202,7,4933,4922,11,,,1113,812,301,1724,1720,4
ALL,20870,19739,1131,,2021-04-30-04-31,3209,3202,7,4933,4922,11,,,1113,812,301,1724,1720,4
ALL,9581,138,9443,,2021-04-30-05-30,995,36,959,2247,44,2203,,,3148,2244,904,1252,8,1244
ALL,20870,19738,1132,,2021-04-30-05-33,3209,3202,7,4933,4922,11,,,1113,812,301,1724,1720,4
ALL,20872,19731,1141,,2021-04-30-06-55,3209,3202,7,4933,4923,10,,,1113,812,301,1724,1721,3
ALL,20917,19782,1135,,2021-04-30-07-51,3211,3204,7,4937,4927,10,,,1098,806,292,1726,1723,3
ALL,20916,19784,1132,,2021-04-30-08-36,3207,3200,7,4933,4923,10,,,1098,805,293,1726,1723,3
ALL,20951,19814,1137,,2021-04-30-09-32,3204,3197,7,4935,4925,10,,,1098,812,286,1731,1728,3
ALL,20938,19739,1199,,2021-04-30-10-35,3207,3200,7,4938,4928,10,,,1098,812,286,1731,1728,3
ALL,20952,19761,1191,,2021-04-30-11-32,3207,3200,7,4938,4928,10,,,1098,812,286,1731,1728,3
ALL,21041,19801,1240,,2021-04-30-12-34,3209,3202,7,4944,4934,10,,,1098,812,286,1735,1732,3
ALL,21042,19850,1192,,2021-04-30-13-32,3209,3201,8,4944,4933,11,,,1098,812,286,1735,1732,3
ALL,21083,19858,1225,,2021-04-30-14-32,3232,3203,29,4970,4934,36,,,1098,812,286,1738,1731,7
ALL,21083,19876,1207,,2021-04-30-15-31,3240,3210,30,4975,4942,33,,,1098,812,286,1735,1732,3
ALL,21084,19871,1213,,2021-04-30-16-32,3260,3230,30,4995,4962,33,,,1098,814,284,1735,1732,3
ALL,9586,165,9421,,2021-04-30-17-30,995,42,953,2247,52,2195,,,3152,2267,885,1252,10,1242
ALL,21102,19885,1217,,2021-04-30-17-32,3271,3239,32,5007,4972,35,,,1098,816,282,1736,1733,3
ALL,21178,19885,1293,,2021-04-30-18-38,3286,3246,40,5023,4979,44,,,1098,817,281,1737,1733,4
ALL,21199,19901,1298,,2021-04-30-19-32,3294,3254,40,5032,4988,44,,,1100,820,280,1738,1734,4
ALL,21209,19901,1308,,2021-04-30-20-32,3294,3254,40,5032,4988,44,,,1100,820,280,1738,1734,4
ALL,21206,19898,1308,,2021-04-30-21-33,3294,3254,40,5032,4988,44,,,1100,820,280,1738,1734,4
ALL,21156,19855,1301,,2021-04-30-22-47,3282,3242,40,5020,4976,44,,,1100,820,280,1738,1734,4
ALL,21156,19855,1301,,2021-04-30-23-39,3282,3242,40,5020,4976,44,,,1100,820,280,1738,1734,4
ALL,21156,19855,1301,,2021-05-01-00-35,3282,3242,40,5020,4976,44,,,1100,820,280,1738,1734,4
ALL,21156,19891,1265,,2021-05-01-01-32,3282,3230,52,5020,4964,56,,,1100,820,280,1738,1734,4
ALL,21110,19891,1219,,2021-05-01-02-32,3246,3230,16,4982,4964,18,,,1100,820,280,1736,1734,2
ALL,21110,19901,1209,,2021-05-01-03-31,3246,3230,16,4982,4964,18,,,1100,820,280,1736,1734,2
ALL,21110,19903,1207,,2021-05-01-04-32,3246,3230,16,4982,4964,18,,,1100,820,280,1736,1734,2
ALL,9586,161,9425,,2021-05-01-05-30,995,42,953,2247,52,2195,,,3152,2271,881,1252,10,1242
ALL,21110,19905,1205,,2021-05-01-05-34,3246,3230,16,4982,4964,18,,,1100,820,280,1736,1734,2
ALL,21110,19899,1211,,2021-05-01-06-56,3246,3230,16,4982,4963,19,,,1100,820,280,1736,1733,3
ALL,21115,19906,1209,,2021-05-01-07-54,3246,3230,16,4982,4963,19,,,1100,820,280,1736,1733,3
ALL,21119,19886,1233,,2021-05-01-08-36,3246,3230,16,4982,4963,19,,,1100,816,284,1736,1733,3
ALL,21124,19857,1267,,2021-05-01-09-32,3245,3229,16,4981,4959,22,,,1100,816,284,1736,1730,6
ALL,21235,19940,1295,,2021-05-01-10-35,3278,3260,18,5014,4993,21,,,1102,820,282,1736,1733,3
ALL,21290,19973,1317,,2021-05-01-11-32,3293,3274,19,5034,5012,22,,,1102,821,281,1741,1738,3
ALL,21347,19977,1370,,2021-05-01-12-34,3293,3277,16,5034,5015,19,,,1102,821,281,1741,1738,3
ALL,21405,20009,1396,,2021-05-01-13-32,3337,3283,54,5082,5023,59,,,1102,823,279,1745,1740,5
ALL,21468,20119,1349,,2021-05-01-14-31,3343,3287,56,5093,5032,61,,,1105,823,282,1750,1745,5
ALL,21479,20145,1334,,2021-05-01-15-32,3343,3287,56,5093,5032,61,,,1104,822,282,1750,1745,5
ALL,21478,20161,1317,,2021-05-01-16-32,3352,3296,56,5106,5045,61,,,1092,811,281,1754,1749,5
ALL,9586,172,9414,,2021-05-01-17-30,993,42,951,2243,56,2187,,,3157,2280,877,1250,14,1236
ALL,21463,20137,1326,,2021-05-01-17-32,3352,3296,56,5106,5045,61,,,1092,812,280,1754,1749,5
ALL,21483,20130,1353,,2021-05-01-18-39,3355,3296,59,5109,5045,64,,,1092,812,280,1754,1749,5
ALL,21483,20123,1360,,2021-05-01-19-32,3355,3293,62,5109,5042,67,,,1092,812,280,1754,1749,5
ALL,21483,20099,1384,,2021-05-01-20-31,3355,3293,62,5109,5042,67,,,1092,812,280,1754,1749,5
ALL,21428,20102,1326,,2021-05-01-21-32,3316,3295,21,5066,5042,24,,,1092,812,280,1750,1747,3
ALL,21428,20095,1333,,2021-05-01-22-47,3316,3303,13,5066,5051,15,,,1092,812,280,1750,1748,2
ALL,21428,20095,1333,,2021-05-01-23-39,3316,3303,13,5066,5051,15,,,1092,811,281,1750,1748,2
ALL,21428,20088,1340,,2021-05-02-00-35,3316,3303,13,5066,5051,15,,,1092,811,281,1750,1748,2
ALL,21428,20087,1341,,2021-05-02-01-32,3316,3303,13,5066,5051,15,,,1092,811,281,1750,1748,2
ALL,21428,20090,1338,,2021-05-02-02-32,3316,3303,13,5066,5051,15,,,1092,811,281,1750,1748,2
ALL,21428,20090,1338,,2021-05-02-03-32,3316,3303,13,5066,5051,15,,,1092,811,281,1750,1748,2
ALL,21424,20086,1338,,2021-05-02-04-32,3316,3303,13,5066,5051,15,,,1092,811,281,1750,1748,2
ALL,9586,173,9413,,2021-05-02-05-30,993,42,951,2243,56,2187,,,3157,2271,886,1250,14,1236
ALL,21424,20086,1338,,2021-05-02-05-35,3316,3303,13,5066,5051,15,,,1092,811,281,1750,1748,2
ALL,21424,20081,1343,,2021-05-02-06-58,3316,3303,13,5066,5050,16,,,1092,811,281,1750,1747,3
ALL,21368,20065,1303,,2021-05-02-07-55,3316,3303,13,5066,5050,16,,,1092,806,286,1750,1747,3
ALL,21442,20115,1327,,2021-05-02-08-39,3336,3323,13,5106,5090,16,,,1092,806,286,1770,1767,3
ALL,21479,20144,1335,,2021-05-02-09-34,3347,3331,16,5114,5095,19,,,1092,805,287,1767,1764,3
ALL,21480,20122,1358,,2021-05-02-10-36,3354,3336,18,5123,5102,21,,,1092,805,287,1769,1766,3
ALL,21398,20059,1339,,2021-05-02-11-32,3363,3349,14,5129,5112,17,,,1086,799,287,1766,1763,3
ALL,21391,20110,1281,,2021-05-02-12-35,3462,3447,15,5248,5230,18,,,1086,798,288,1786,1783,3
ALL,21414,20177,1237,,2021-05-02-13-32,3462,3447,15,5248,5229,19,,,1086,798,288,1786,1782,4
ALL,21466,20200,1266,,2021-05-02-14-31,3449,3435,14,5235,5217,18,,,1086,799,287,1786,1782,4
ALL,21488,20200,1288,,2021-05-02-15-32,3476,3463,13,5264,5248,16,,,1086,799,287,1788,1785,3
ALL,21493,20209,1284,,2021-05-02-16-31,3477,3464,13,5265,5249,16,,,1086,799,287,1788,1785,3
ALL,9577,200,9377,,2021-05-02-17-30,994,41,953,2240,55,2185,,,3160,2259,901,1246,14,1232
ALL,21485,20201,1284,,2021-05-02-17-32,3479,3466,13,5267,5251,16,,,1086,811,275,1788,1785,3
ALL,21437,20161,1276,,2021-05-02-18-38,3483,3466,17,5271,5251,20,,,1086,811,275,1788,1785,3
ALL,21446,20174,1272,,2021-05-02-19-32,3366,3349,17,5154,5134,20,,,1086,811,275,1788,1785,3
ALL,21446,20167,1279,,2021-05-02-20-32,3366,3349,17,5154,5134,20,,,1086,811,275,1788,1785,3
ALL,21446,20175,1271,,2021-05-02-21-33,3366,3349,17,5154,5134,20,,,1086,811,275,1788,1785,3
ALL,21449,20171,1278,,2021-05-02-22-46,3366,3349,17,5154,5134,20,,,1086,811,275,1788,1785,3
ALL,21449,20172,1277,,2021-05-02-23-37,3366,3349,17,5154,5134,20,,,1086,811,275,1788,1785,3
ALL,21420,20142,1278,,2021-05-03-00-35,3366,3349,17,5154,5134,20,,,1086,811,275,1788,1785,3
ALL,21420,20147,1273,,2021-05-03-01-32,3366,3353,13,5154,5138,16,,,1086,811,275,1788,1785,3
ALL,21422,20149,1273,,2021-05-03-02-32,3366,3353,13,5154,5138,16,,,1086,811,275,1788,1785,3
ALL,21422,20149,1273,,2021-05-03-03-32,3366,3353,13,5154,5138,16,,,1086,811,275,1788,1785,3
ALL,21422,20149,1273,,2021-05-03-04-32,3366,3353,13,5154,5138,16,,,1086,811,275,1788,1785,3
ALL,9577,201,9376,,2021-05-03-05-30,994,41,953,2240,56,2184,,,3160,2254,906,1246,15,1231
ALL,21425,20152,1273,,2021-05-03-05-35,3366,3353,13,5154,5138,16,,,1086,811,275,1788,1785,3
ALL,21443,20172,1271,,2021-05-03-06-56,3366,3353,13,5154,5141,13,,,1086,811,275,1788,1788,0
ALL,21441,20177,1264,,2021-05-03-07-53,3366,3353,13,5154,5141,13,,,1086,806,280,1788,1788,0
ALL,21396,20107,1289,,2021-05-03-08-38,3366,3345,21,5154,5133,21,,,1086,806,280,1788,1788,0
ALL,21376,20092,1284,,2021-05-03-09-33,3369,3348,21,5156,5135,21,,,1086,800,286,1787,1787,0
ALL,21477,20148,1329,,2021-05-03-10-36,3370,3349,21,5157,5136,21,,,1084,798,286,1787,1787,0
ALL,21499,20146,1353,,2021-05-03-11-32,3376,3356,20,5167,5147,20,,,1084,798,286,1791,1791,0
ALL,21478,20084,1394,,2021-05-03-12-35,3366,3346,20,5157,5137,20,,,1084,798,286,1791,1791,0
ALL,21464,20089,1375,,2021-05-03-13-32,3351,3327,24,5151,5125,26,,,1066,787,279,1800,1798,2
ALL,21473,20083,1390,,2021-05-03-14-32,3354,3330,24,5153,5127,26,,,1066,785,281,1799,1797,2
ALL,21473,20097,1376,,2021-05-03-15-32,3354,3330,24,5153,5127,26,,,1066,785,281,1799,1797,2
ALL,21474,20097,1377,,2021-05-03-16-32,3471,3448,23,5270,5245,25,,,1066,785,281,1799,1797,2
ALL,9590,194,9396,,2021-05-03-17-30,994,47,947,2240,65,2175,,,3159,2270,889,1246,18,1228
ALL,21475,20126,1349,,2021-05-03-17-32,3470,3448,22,5269,5245,24,,,1066,787,279,1799,1797,2
ALL,21421,20077,1344,,2021-05-03-18-39,3348,3325,23,5150,5125,25,,,1066,787,279,1802,1800,2
ALL,21395,20062,1333,,2021-05-03-19-32,3342,3317,25,5147,5120,27,,,1071,787,284,1805,1803,2
ALL,21395,20045,1350,,2021-05-03-20-32,3342,3317,25,5147,5120,27,,,1071,788,283,1805,1803,2
ALL,21395,20043,1352,,2021-05-03-21-33,3342,3319,23,5147,5124,23,,,1071,788,283,1805,1805,0
ALL,21396,20045,1351,,2021-05-03-22-48,3343,3320,23,5148,5125,23,,,1071,788,283,1805,1805,0
ALL,21396,20045,1351,,2021-05-03-23-38,3343,3320,23,5148,5125,23,,,1071,788,283,1805,1805,0
ALL,21396,20045,1351,,2021-05-04-00-42,3343,3320,23,5148,5125,23,,,1071,788,283,1805,1805,0
ALL,21396,20038,1358,,2021-05-04-01-38,3343,3320,23,5148,5125,23,,,1071,787,284,1805,1805,0
ALL,21396,20021,1375,,2021-05-04-02-37,3343,3320,23,5148,5125,23,,,1071,787,284,1805,1805,0
ALL,21396,20021,1375,,2021-05-04-03-39,3343,3320,23,5148,5125,23,,,1071,787,284,1805,1805,0
ALL,21384,20009,1375,,2021-05-04-04-37,3343,3320,23,5148,5125,23,,,1071,794,277,1805,1805,0
ALL,9590,193,9397,,2021-05-04-05-30,994,48,946,2240,66,2174,,,3159,2273,886,1246,18,1228
ALL,21384,20004,1380,,2021-05-04-05-55,3343,3320,23,5148,5123,25,,,1071,794,277,1805,1803,2
ALL,21395,19984,1411,,2021-05-04-07-29,3343,3303,40,5148,5106,42,,,1071,793,278,1805,1803,2
ALL,21395,19985,1410,,2021-05-04-08-15,3368,3328,40,5173,5131,42,,,1071,789,282,1805,1803,2
ALL,21386,19962,1424,,2021-05-04-08-43,3368,3328,40,5173,5131,42,,,1071,790,281,1805,1803,2
ALL,21380,19883,1497,,2021-05-04-09-39,3369,3329,40,5174,5132,42,,,1071,790,281,1805,1803,2
ALL,21314,19856,1458,,2021-05-04-10-41,3371,3331,40,5176,5134,42,,,1069,789,280,1805,1803,2
ALL,21276,19887,1389,,2021-05-04-11-39,3338,3298,40,5142,5100,42,,,1069,789,280,1804,1802,2
ALL,21281,19854,1427,,2021-05-04-12-40,3335,3295,40,5142,5100,42,,,1069,789,280,1807,1805,2
ALL,21447,19944,1503,,2021-05-04-13-38,3391,3337,54,5200,5144,56,,,1069,793,276,1809,1807,2
ALL,21549,20031,1518,,2021-05-04-14-37,3392,3338,54,5201,5145,56,,,1069,793,276,1809,1807,2
ALL,21549,20036,1513,,2021-05-04-15-38,3409,3358,51,5223,5170,53,,,1069,793,276,1814,1812,2
ALL,21549,20047,1502,,2021-05-04-16-37,3411,3360,51,5225,5172,53,,,1069,786,283,1814,1812,2
ALL,9593,186,9407,,2021-05-04-17-30,994,46,948,2240,66,2174,,,3161,2272,889,1246,20,1226
ALL,21555,20102,1453,,2021-05-04-17-39,3417,3365,52,5231,5176,55,,,1069,782,287,1814,1811,3
ALL,21556,20091,1465,,2021-05-04-18-46,3418,3371,47,5232,5181,51,,,1069,781,288,1814,1810,4
ALL,21556,20098,1458,,2021-05-04-19-37,3418,3371,47,5232,5181,51,,,1069,781,288,1814,1810,4
ALL,21541,20132,1409,,2021-05-04-20-37,3421,3374,47,5235,5184,51,,,1069,781,288,1814,1810,4
ALL,21541,20136,1405,,2021-05-04-21-40,3421,3374,47,5235,5184,51,,,1069,781,288,1814,1810,4
ALL,21541,20146,1395,,2021-05-04-22-58,3421,3374,47,5235,5184,51,,,1062,782,280,1814,1810,4
ALL,21541,20140,1401,,2021-05-04-23-41,3421,3374,47,5235,5184,51,,,1062,782,280,1814,1810,4
ALL,21541,20140,1401,,2021-05-05-00-38,3420,3373,47,5235,5184,51,,,1062,782,280,1815,1811,4
ALL,21538,20139,1399,,2021-05-05-01-37,3420,3373,47,5235,5184,51,,,1062,782,280,1815,1811,4
ALL,21538,20122,1416,,2021-05-05-02-36,3420,3373,47,5235,5184,51,,,1062,782,280,1815,1811,4
ALL,21538,20122,1416,,2021-05-05-03-39,3420,3373,47,5235,5184,51,,,1062,782,280,1815,1811,4
ALL,21538,20126,1412,,2021-05-05-04-37,3420,3373,47,5235,5184,51,,,1062,782,280,1815,1811,4
ALL,9593,194,9399,,2021-05-05-05-30,995,46,949,2240,67,2173,,,3161,2272,889,1245,21,1224
ALL,21538,20127,1411,,2021-05-05-05-49,3420,3373,47,5235,5184,51,,,1062,782,280,1815,1811,4
ALL,21538,20124,1414,,2021-05-05-07-24,3420,3373,47,5235,5185,50,,,1062,782,280,1815,1812,3
ALL,21538,20112,1426,,2021-05-05-08-03,3420,3373,47,5235,5185,50,,,1062,785,277,1815,1812,3
ALL,21528,20104,1424,,2021-05-05-08-41,3420,3373,47,5235,5185,50,,,1062,785,277,1815,1812,3
ALL,21528,20039,1489,,2021-05-05-09-38,3421,3373,48,5236,5185,51,,,1062,783,279,1815,1812,3
ALL,21544,19905,1639,,2021-05-05-10-40,3424,3376,48,5238,5187,51,,,1062,784,278,1814,1811,3
ALL,21569,20033,1536,,2021-05-05-11-38,3429,3382,47,5243,5194,49,,,1058,792,266,1814,1812,2
ALL,21568,20003,1565,,2021-05-05-12-41,3433,3387,46,5247,5199,48,,,1058,793,265,1814,1812,2
ALL,21588,20013,1575,,2021-05-05-13-38,3451,3403,48,5265,5215,50,,,1051,802,249,1814,1812,2
ALL,21648,20084,1564,,2021-05-05-14-36,3451,3403,48,5265,5215,50,,,1063,812,251,1814,1812,2
ALL,21637,20079,1558,,2021-05-05-15-37,3451,3406,45,5265,5218,47,,,1063,812,251,1814,1812,2
ALL,21729,20151,1578,,2021-05-05-16-36,3499,3437,62,5333,5269,64,,,1050,806,244,1834,1832,2
ALL,9593,207,9386,,2021-05-05-17-30,994,40,954,2239,61,2178,,,3156,2252,904,1245,21,1224
ALL,21831,20227,1604,,2021-05-05-17-39,3516,3473,43,5350,5305,45,,,1050,803,247,1834,1832,2
ALL,21815,20194,1621,,2021-05-05-18-49,3514,3471,43,5348,5303,45,,,1048,800,248,1834,1832,2
ALL,21805,20240,1565,,2021-05-05-19-37,3514,3471,43,5348,5303,45,,,1048,800,248,1834,1832,2
ALL,21805,20222,1583,,2021-05-05-20-37,3514,3471,43,5348,5303,45,,,1048,800,248,1834,1832,2
ALL,21805,20224,1581,,2021-05-05-21-42,3514,3471,43,5348,5303,45,,,1048,800,248,1834,1832,2
ALL,21805,20233,1572,,2021-05-05-23-04,3514,3471,43,5348,5303,45,,,1048,800,248,1834,1832,2
ALL,21805,20238,1567,,2021-05-05-23-43,3514,3471,43,5348,5303,45,,,1048,800,248,1834,1832,2
ALL,21805,20229,1576,,2021-05-06-02-34,3514,3471,43,5348,5303,45,,,1048,801,247,1834,1832,2
ALL,9593,207,9386,,2021-05-06-05-30,994,40,954,2239,62,2177,,,3156,2253,903,1245,22,1223
ALL,21803,20236,1567,,2021-05-06-05-44,3514,3471,43,5348,5303,45,,,1048,795,253,1834,1832,2
ALL,21842,20214,1628,,2021-05-06-08-40,3517,3474,43,5355,5307,48,,,1048,801,247,1838,1833,5
ALL,21899,20154,1745,,2021-05-06-11-36,3528,3498,30,5383,5349,34,,,1054,803,251,1855,1851,4
ALL,22020,20362,1658,,2021-05-06-14-35,3532,3505,27,5387,5356,31,,,1060,804,256,1855,1851,4
ALL,9590,199,9391,,2021-05-06-17-30,994,38,956,2239,60,2179,,,3159,2264,895,1245,22,1223
ALL,22080,20412,1668,,2021-05-06-17-37,3544,3519,25,5400,5371,29,,,1060,803,257,1856,1852,4
ALL,22071,20273,1798,,2021-05-06-20-35,3661,3640,21,5567,5543,24,,,1060,803,257,1906,1903,3
ALL,22058,20300,1758,,2021-05-06-23-43,3663,3642,21,5569,5545,24,,,1060,804,256,1906,1903,3
ALL,22054,20301,1753,,2021-05-07-02-34,3663,3642,21,5569,5545,24,,,1060,804,256,1906,1903,3
ALL,9590,206,9384,,2021-05-07-05-30,993,38,955,2239,59,2180,,,3159,2263,896,1246,21,1225
ALL,22054,20265,1789,,2021-05-07-05-45,3663,3642,21,5569,5545,24,,,1060,804,256,1906,1903,3
ALL,22031,20185,1846,,2021-05-07-08-42,3644,3619,25,5557,5529,28,,,1060,801,259,1913,1910,3
ALL,22076,19911,2165,,2021-05-07-11-36,3653,3624,29,5566,5534,32,,,1042,786,256,1913,1910,3
ALL,22085,19912,2173,,2021-05-07-14-35,3661,3629,32,5580,5544,36,,,1042,791,251,1919,1915,4
ALL,9590,201,9389,,2021-05-07-17-30,993,38,955,2239,58,2181,,,3157,2253,904,1246,20,1226
ALL,22124,19898,2226,,2021-05-07-17-37,3663,3625,38,5582,5540,42,,,1043,801,242,1919,1915,4
ALL,22185,19947,2238,,2021-05-07-20-35,3688,3648,40,5612,5567,45,,,1043,801,242,1924,1919,5
ALL,22217,19989,2228,,2021-05-07-23-43,3680,3650,30,5612,5577,35,,,1043,801,242,1932,1927,5
ALL,22217,20000,2217,,2021-05-08-02-35,3681,3650,31,5612,5577,35,,,1043,801,242,1931,1927,4
ALL,9590,201,9389,,2021-05-08-05-30,993,38,955,2239,58,2181,,,3157,2258,899,1246,20,1226
ALL,22226,20035,2191,,2021-05-08-05-45,3681,3650,31,5612,5577,35,,,1043,801,242,1931,1927,4
ALL,22226,20034,2192,,2021-05-08-06-08,3681,3650,31,5612,5575,37,,,1043,801,242,1931,1925,6
ALL,22226,20052,2174,,2021-05-08-06-16,3681,3650,31,5612,5575,37,,,1043,804,239,1931,1925,6
ALL,22261,20023,2238,,2021-05-08-08-41,3692,3654,38,5625,5581,44,,,1043,803,240,1933,1927,6
ALL,22306,19850,2456,,2021-05-08-11-36,3690,3661,29,5629,5592,37,,,1043,805,238,1939,1931,8
ALL,22359,19921,2438,,2021-05-08-14-35,3717,3688,29,5664,5627,37,,,1025,795,230,1947,1939,8
ALL,9590,183,9407,,2021-05-08-17-30,993,36,957,2239,53,2186,,,3159,2256,903,1246,17,1229
ALL,22395,19970,2425,,2021-05-08-17-42,3676,3649,27,5655,5620,35,,,1328,1135,193,1979,1971,8
ALL,22433,20047,2386,,2021-05-08-20-35,3683,3647,36,5661,5619,42,,,1331,1133,198,1978,1972,6
ALL,22455,20049,2406,,2021-05-08-23-41,3683,3644,39,5661,5616,45,,,1351,1149,202,1978,1972,6
ALL,22475,20058,2417,,2021-05-09-02-34,3683,3646,37,5661,5618,43,,,1351,1153,198,1978,1972,6
ALL,9590,178,9412,,2021-05-09-05-30,994,36,958,2239,53,2186,,,3159,2247,912,1245,17,1228
ALL,22475,20044,2431,,2021-05-09-05-47,3683,3646,37,5661,5618,43,,,1351,1153,198,1978,1972,6
ALL,22496,19954,2542,,2021-05-09-08-41,3679,3644,35,5657,5615,42,,,1019,806,213,1978,1971,7
ALL,22524,19922,2602,,2021-05-09-11-36,3676,3645,31,5669,5632,37,,,1026,807,219,1993,1987,6
ALL,22561,19984,2577,,2021-05-09-14-35,3690,3666,24,5685,5654,31,,,1033,777,256,1995,1988,7
ALL,9590,187,9403,,2021-05-09-17-30,995,35,960,2239,49,2190,,,3157,2243,914,1244,14,1230
ALL,22591,19883,2708,,2021-05-09-17-37,3748,3719,29,5797,5762,35,,,1035,781,254,2049,2043,6
ALL,22610,19931,2679,,2021-05-09-20-35,3755,3715,40,5807,5761,46,,,1035,825,210,2052,2046,6
ALL,22639,19972,2667,,2021-05-09-23-41,3755,3715,40,5807,5761,46,,,1035,825,210,2052,2046,6
ALL,22639,19978,2661,,2021-05-10-02-34,3755,3714,41,5807,5760,47,,,1035,825,210,2052,2046,6
ALL,9590,187,9403,,2021-05-10-05-30,995,34,961,2239,48,2191,,,3157,2249,908,1244,14,1230
ALL,22639,19988,2651,,2021-05-10-05-46,3755,3724,31,5807,5770,37,,,1035,825,210,2052,2046,6
ALL,22647,19891,2756,,2021-05-10-08-45,3754,3706,48,5807,5755,52,,,1035,782,253,2053,2049,4
ALL,22665,19424,3241,,2021-05-10-11-36,3754,3701,53,5808,5751,57,,,1035,784,251,2054,2050,4
ALL,22668,19419,3249,,2021-05-10-14-35,3798,3758,40,5852,5805,47,,,1035,782,253,2054,2047,7
ALL,9585,184,9401,,2021-05-10-17-30,985,34,951,2229,49,2180,,,3168,2254,914,1244,15,1229
ALL,22804,19458,3346,,2021-05-10-17-37,3773,3717,56,5829,5765,64,,,1018,764,254,2056,2048,8
ALL,22823,19549,3274,,2021-05-10-20-35,3783,3732,51,5839,5783,56,,,1018,763,255,2056,2051,5
ALL,22875,19547,3328,,2021-05-10-23-47,3783,3743,40,5839,5794,45,,,1018,765,253,2056,2051,5
ALL,22875,19589,3286,,2021-05-11-02-34,3779,3745,34,5835,5796,39,,,1018,764,254,2056,2051,5
ALL,9585,173,9412,,2021-05-11-05-30,985,33,952,2229,48,2181,,,3168,2258,910,1244,15,1229
ALL,22878,19550,3328,,2021-05-11-05-45,3779,3745,34,5835,5795,40,,,1018,764,254,2056,2050,6
ALL,22900,19450,3450,,2021-05-11-08-44,3779,3724,55,5837,5777,60,,,1018,771,247,2058,2053,5
ALL,22968,19047,3921,,2021-05-11-11-36,3794,3737,57,5838,5776,62,,,1012,785,227,2044,2039,5
ALL,23152,19129,4023,,2021-05-11-14-35,3809,3758,51,5854,5798,56,,,994,780,214,2045,2040,5
ALL,9578,173,9405,,2021-05-11-17-30,979,34,945,2223,50,2173,,,3167,2271,896,1244,16,1228
ALL,23202,19042,4160,,2021-05-11-17-37,3803,3751,52,5859,5802,57,,,1007,780,227,2056,2051,5
ALL,23235,19065,4170,,2021-05-11-20-35,3806,3752,54,5863,5801,62,,,1009,782,227,2057,2049,8
ALL,23235,19023,4212,,2021-05-11-23-47,3791,3735,56,5853,5788,65,,,1009,786,223,2062,2053,9
ALL,23235,19015,4220,,2021-05-12-02-34,3791,3736,55,5853,5789,64,,,1009,787,222,2062,2053,9
ALL,9578,171,9407,,2021-05-12-05-30,978,34,944,2223,50,2173,,,3167,2270,897,1245,16,1229
ALL,23233,18981,4252,,2021-05-12-05-46,3791,3723,68,5853,5775,78,,,1009,787,222,2062,2052,10
ALL,23224,18943,4281,,2021-05-12-08-39,3788,3720,68,5852,5774,78,,,1009,784,225,2064,2054,10
ALL,23218,18720,4498,,2021-05-12-11-31,3739,3664,75,5852,5766,86,,,1003,787,216,2113,2102,11
ALL,23266,18779,4487,,2021-05-12-14-31,3737,3668,69,5860,5775,85,,,1003,787,216,2123,2107,16
ALL,9578,172,9406,,2021-05-12-17-30,976,37,939,2223,51,2172,,,3167,2274,893,1247,14,1233
ALL,23345,18718,4627,,2021-05-12-17-31,3775,3696,79,5911,5815,96,,,1005,787,218,2136,2119,17
ALL,23350,18640,4710,,2021-05-12-20-31,3775,3708,67,5911,5827,84,,,1005,789,216,2136,2119,17
ALL,23350,18658,4692,,2021-05-12-23-41,3775,3712,63,5911,5831,80,,,1005,788,217,2136,2119,17
ALL,23350,18681,4669,,2021-05-13-02-31,3775,3717,58,5911,5835,76,,,1005,788,217,2136,2118,18
ALL,9581,170,9411,,2021-05-13-05-30,976,37,939,2223,51,2172,,,3167,2270,897,1247,14,1233
ALL,23350,18651,4699,,2021-05-13-05-32,3775,3692,83,5911,5810,101,,,1005,788,217,2136,2118,18
ALL,23448,18596,4852,,2021-05-13-08-39,3776,3689,87,5911,5804,107,,,1005,789,216,2135,2115,20
ALL,23439,18216,5223,,2021-05-13-11-31,3781,3677,104,5914,5790,124,,,1005,795,210,2133,2113,20
ALL,23424,18124,5300,,2021-05-13-14-31,3773,3681,92,5913,5801,112,,,1003,797,206,2140,2120,20
ALL,9581,160,9421,,2021-05-13-17-30,976,32,944,2223,48,2175,,,3167,2249,918,1247,16,1231
ALL,24436,18161,6275,,2021-05-13-17-31,3852,3672,180,6012,5805,207,,,1003,795,208,2160,2133,27
ALL,24418,18005,6413,,2021-05-13-20-31,3852,3668,184,6012,5801,211,,,1003,794,209,2160,2133,27
ALL,24418,17971,6447,,2021-05-13-23-41,3852,3669,183,6012,5802,210,,,1003,793,210,2160,2133,27
ALL,24418,17978,6440,,2021-05-14-02-31,3852,3670,182,6012,5803,209,,,1003,793,210,2160,2133,27
ALL,9581,160,9421,,2021-05-14-05-30,976,31,945,2223,47,2176,,,3167,2253,914,1247,16,1231
ALL,24418,17973,6445,,2021-05-14-05-34,3852,3659,193,6012,5792,220,,,1003,793,210,2160,2133,27
ALL,24555,17897,6658,,2021-05-14-08-41,3859,3666,193,6023,5805,218,,,1003,792,211,2164,2139,25
ALL,24791,17671,7120,,2021-05-14-11-31,3848,3626,222,6021,5774,247,,,1003,795,208,2173,2148,25
ALL,24795,17698,7097,,2021-05-14-14-32,3850,3644,206,6022,5774,248,,,1005,797,208,2172,2130,42
ALL,9581,153,9428,,2021-05-14-17-30,970,32,938,2223,46,2177,,,3167,2259,908,1253,14,1239
ALL,24852,17616,7236,,2021-05-14-17-31,3850,3648,202,6023,5779,244,,,1011,800,211,2173,2131,42
ALL,24902,17534,7368,,2021-05-14-20-31,3888,3653,235,6073,5789,284,,,1011,800,211,2185,2136,49
ALL,25452,17642,7810,,2021-05-14-23-41,4091,3667,424,6326,5803,523,,,1011,800,211,2235,2136,99
ALL,25430,17610,7820,,2021-05-15-02-31,4086,3651,435,6321,5787,534,,,1011,800,211,2235,2136,99
ALL,9581,150,9431,,2021-05-15-05-30,970,31,939,2223,45,2178,,,3167,2253,914,1253,14,1239
ALL,25430,17591,7839,,2021-05-15-05-33,4086,3639,447,6321,5776,545,,,1012,797,215,2235,2137,98
ALL,25454,17491,7963,,2021-05-15-08-38,4086,3646,440,6320,5778,542,,,1012,791,221,2234,2132,102
ALL,25462,17129,8333,,2021-05-15-11-31,4071,3623,448,6307,5762,545,,,1027,811,216,2236,2139,97
ALL,25644,17071,8573,,2021-05-15-14-31,4075,3613,462,6308,5745,563,,,1026,809,217,2233,2132,101
ALL,9581,144,9437,,2021-05-15-17-30,969,31,938,2222,44,2178,,,3165,2244,921,1253,13,1240
ALL,25608,16955,8653,,2021-05-15-17-31,4065,3606,459,6320,5760,560,,,1026,810,216,2255,2154,101
ALL,26108,17182,8926,,2021-05-15-20-31,4092,3613,479,6359,5775,584,,,1026,809,217,2267,2162,105
ALL,26106,17175,8931,,2021-05-15-23-40,4092,3629,463,6359,5789,570,,,1035,809,226,2267,2160,107
ALL,26106,17189,8917,,2021-05-16-02-31,4092,3636,456,6359,5796,563,,,1035,809,226,2267,2160,107
ALL,9581,144,9437,,2021-05-16-05-30,969,33,936,2222,47,2175,,,3165,2233,932,1253,14,1239
ALL,26106,17176,8930,,2021-05-16-05-34,4092,3634,458,6359,5794,565,,,1043,817,226,2267,2160,107
ALL,26106,17062,9044,,2021-05-16-08-43,4091,3600,491,6359,5761,598,,,1043,818,225,2268,2161,107
ALL,26258,16800,9458,,2021-05-16-11-31,4140,3583,557,6415,5730,685,,,1043,822,221,2275,2147,128
ALL,9581,137,9444,,2021-05-16-17-30,969,32,937,2222,50,2172,,,3165,2238,927,1253,18,1235
ALL,27571,16731,10840,,2021-05-16-23-41,4198,3611,587,6485,5763,722,,,1042,815,227,2287,2152,135
ALL,27571,16711,10860,,2021-05-17-02-31,4198,3587,611,6485,5739,746,,,1042,812,230,2287,2152,135
ALL,9581,138,9443,,2021-05-17-05-30,969,33,936,2222,51,2171,,,3165,2236,929,1253,18,1235
ALL,27571,16730,10841,,2021-05-17-05-33,4198,3590,608,6485,5742,743,,,1042,812,230,2287,2152,135
ALL,27571,16619,10952,,2021-05-17-08-41,4201,3593,608,6485,5737,748,,,1050,804,246,2284,2144,140
ALL,27537,16242,11295,,2021-05-17-11-31,4185,3592,593,6473,5732,741,,,1045,802,243,2288,2140,148
ALL,27540,16172,11368,,2021-05-17-14-31,4236,3607,629,6524,5748,776,,,1042,790,252,2288,2141,147
ALL,9581,123,9458,,2021-05-17-17-30,969,26,943,2222,40,2182,,,3165,2233,932,1253,14,1239
ALL,27560,15978,11582,,2021-05-17-17-31,4266,3554,712,6575,5701,874,,,1049,798,251,2309,2147,162
ALL,27360,15690,11670,,2021-05-17-20-31,4092,3526,566,6376,5650,726,,,1049,802,247,2284,2124,160
ALL,27600,15717,11883,,2021-05-17-23-41,4292,3578,714,6626,5716,910,,,1049,802,247,2334,2138,196
ALL,27600,15675,11925,,2021-05-18-02-31,4292,3568,724,6626,5706,920,,,1049,802,247,2334,2138,196
ALL,9581,122,9459,,2021-05-18-05-30,969,25,944,2222,39,2183,,,3165,2247,918,1253,14,1239
ALL,27600,15674,11926,,2021-05-18-05-34,4292,3567,725,6626,5705,921,,,1049,802,247,2334,2138,196
ALL,27600,15455,12145,,2021-05-18-08-41,4290,3510,780,6626,5653,973,,,1049,797,252,2336,2143,193
ALL,27624,15062,12562,,2021-05-18-11-31,4287,3466,821,6624,5605,1019,,,1054,803,251,2337,2139,198
ALL,27579,15019,12560,,2021-05-18-14-31,4276,3467,809,6627,5618,1009,,,1032,791,241,2351,2151,200
ALL,9581,110,9471,,2021-05-18-17-30,969,26,943,2222,38,2184,,,3165,2255,910,1253,12,1241
ALL,27712,14896,12816,,2021-05-18-17-31,4312,3489,823,6663,5642,1021,,,1016,787,229,2351,2153,198
ALL,27762,14734,13028,,2021-05-18-20-31,4357,3474,883,6713,5622,1091,,,1016,786,230,2356,2148,208
ALL,27844,14712,13132,,2021-05-18-23-42,4402,3472,930,6763,5614,1149,,,990,765,225,2361,2142,219
ALL,27844,14688,13156,,2021-05-19-02-31,4402,3469,933,6763,5611,1152,,,990,762,228,2361,2142,219
ALL,9581,109,9472,,2021-05-19-05-30,969,26,943,2222,38,2184,,,3165,2252,913,1253,12,1241
ALL,27844,14624,13220,,2021-05-19-05-33,4402,3401,1001,6763,5544,1219,,,990,762,228,2361,2143,218
ALL,27829,14438,13391,,2021-05-19-08-38,4405,3454,951,6763,5597,1166,,,990,761,229,2358,2143,215
ALL,27726,13927,13799,,2021-05-19-11-31,4393,3375,1018,6745,5492,1253,,,993,768,225,2352,2117,235
ALL,27776,13765,14011,,2021-05-19-14-31,4318,3271,1047,6800,5500,1300,,,993,765,228,2482,2229,253
ALL,9581,117,9464,,2021-05-19-17-30,969,22,947,2222,35,2187,,,3166,2262,904,1253,13,1240
ALL,27856,13652,14204,,2021-05-19-17-31,4318,3249,1069,6800,5477,1323,,,993,763,230,2482,2228,254
ALL,27992,13507,14485,,2021-05-19-20-31,4327,3240,1087,6811,5463,1348,,,993,764,229,2484,2223,261
ALL,27992,13477,14515,,2021-05-19-23-42,4327,3231,1096,6811,5458,1353,,,993,764,229,2484,2227,257
ALL,27992,13453,14539,,2021-05-20-02-31,4327,3225,1102,6811,5453,1358,,,993,765,228,2484,2228,256
ALL,9581,115,9466,,2021-05-20-05-30,969,22,947,2222,35,2187,,,3166,2268,898,1253,13,1240
ALL,27992,13439,14553,,2021-05-20-05-33,4327,3210,1117,6811,5439,1372,,,993,765,228,2484,2229,255
ALL,27992,13336,14656,,2021-05-20-08-39,4157,3060,1097,6811,5425,1386,,,993,765,228,2654,2365,289
ALL,28001,12918,15083,,2021-05-20-11-31,4215,3007,1208,6869,5319,1550,,,993,763,230,2654,2312,342
ALL,27941,12781,15160,,2021-05-20-14-31,4266,3039,1227,6869,5312,1557,,,989,761,228,2603,2273,330
ALL,9581,116,9465,,2021-05-20-17-30,969,19,950,2222,29,2193,,,3166,2280,886,1253,10,1243
ALL,28119,12652,15467,,2021-05-20-17-31,4293,3058,1235,6872,5291,1581,,,989,764,225,2579,2233,346
ALL,28669,12514,16155,,2021-05-20-20-31,4293,3007,1286,6872,5235,1637,,,989,764,225,2579,2228,351
ALL,28659,12421,16238,,2021-05-20-23-42,4293,3003,1290,6867,5224,1643,,,989,765,224,2574,2221,353
ALL,28659,12401,16258,,2021-05-21-02-31,4291,2990,1301,6867,5209,1658,,,989,767,222,2576,2219,357
ALL,9581,117,9464,,2021-05-21-05-30,969,19,950,2222,28,2194,,,3166,2286,880,1253,9,1244
ALL,28659,12406,16253,,2021-05-21-05-33,4291,2993,1298,6867,5215,1652,,,989,767,222,2576,2222,354
ALL,28559,12295,16264,,2021-05-21-08-40,4290,2956,1334,6867,5180,1687,,,989,768,221,2577,2224,353
ALL,28595,11903,16692,,2021-05-21-11-31,4292,2918,1374,6868,5116,1752,,,986,771,215,2576,2198,378
ALL,28529,11756,16773,,2021-05-21-14-31,4284,2914,1370,6859,5111,1748,,,988,773,215,2575,2197,378
ALL,9581,108,9473,,2021-05-21-17-30,969,23,946,2222,31,2191,,,3166,2294,872,1253,8,1245
ALL,28495,11643,16852,,2021-05-21-17-31,4274,2896,1378,6849,5046,1803,,,988,776,212,2575,2150,425
ALL,28490,11448,17042,,2021-05-21-20-31,4274,2876,1398,6849,5017,1832,,,988,775,213,2575,2141,434
ALL,28490,11443,17047,,2021-05-21-23-43,4274,2879,1395,6849,5020,1829,,,988,774,214,2575,2141,434
ALL,28490,11415,17075,,2021-05-22-02-31,4274,2856,1418,6849,4997,1852,,,988,774,214,2575,2141,434
ALL,9581,111,9470,,2021-05-22-05-30,969,23,946,2222,32,2190,,,3166,2282,884,1253,9,1244
ALL,28490,11414,17076,,2021-05-22-05-33,4274,2853,1421,6849,4993,1856,,,988,774,214,2575,2140,435
ALL,28490,11334,17156,,2021-05-22-08-39,4277,2855,1422,6849,4990,1859,,,988,775,213,2572,2135,437
ALL,28477,10912,17565,,2021-05-22-11-31,4364,2802,1562,6937,4933,2004,,,1008,772,236,2573,2131,442
ALL,28502,10845,17657,,2021-05-22-14-32,4366,2792,1574,6940,4923,2017,,,1006,773,233,2574,2131,443
ALL,9581,111,9470,,2021-05-22-17-30,969,24,945,2222,35,2187,,,3166,2278,888,1253,11,1242
ALL,28502,10717,17785,,2021-05-22-17-31,4363,2787,1576,6939,4892,2047,,,1006,773,233,2576,2105,471
ALL,28454,10557,17897,,2021-05-22-20-31,4363,2767,1596,6939,4864,2075,,,1013,780,233,2576,2097,479
ALL,28436,10541,17895,,2021-05-22-23-42,4365,2778,1587,6941,4880,2061,,,1013,778,235,2576,2102,474
ALL,28436,10541,17895,,2021-05-23-00-27,4365,2777,1588,6941,4879,2062,,,1013,778,235,2576,2102,474
ALL,9581,113,9468,,2021-05-23-05-30,969,25,944,2222,35,2187,,,3166,2270,896,1253,10,1243
ALL,28436,10497,17939,,2021-05-23-05-41,4365,2762,1603,6941,4863,2078,,,1013,778,235,2576,2101,475
ALL,28575,10072,18503,,2021-05-23-11-35,4367,2661,1706,6940,4746,2194,,,1015,780,235,2573,2085,488
ALL,9611,122,9489,,2021-05-23-17-30,969,25,944,2222,33,2189,,,3166,2262,904,1253,8,1245
ALL,28686,9828,18858,,2021-05-23-17-35,4374,2586,1788,6946,4671,2275,,,1031,781,250,2572,2085,487
ALL,28683,9733,18950,,2021-05-23-23-44,4382,2604,1778,6945,4654,2291,,,1031,780,251,2563,2050,513
ALL,9611,121,9490,,2021-05-24-05-30,969,25,944,2222,33,2189,,,3166,2269,897,1253,8,1245
ALL,28683,9700,18983,,2021-05-24-05-40,4382,2573,1809,6945,4621,2324,,,1035,782,253,2563,2048,515
ALL,28452,9158,19294,,2021-05-24-11-35,4382,2410,1972,6944,4424,2520,,,1041,775,266,2562,2014,548
ALL,9613,115,9498,,2021-05-24-17-30,969,22,947,2222,29,2193,,,3177,2288,889,1253,7,1246
ALL,28473,8898,19575,,2021-05-24-17-35,4380,2350,2030,6944,4348,2596,,,1041,780,261,2564,1998,566
ALL,28473,8721,19752,,2021-05-24-23-47,4368,2311,2057,6932,4301,2631,,,1040,790,250,2564,1990,574
ALL,9613,112,9501,,2021-05-25-05-30,969,21,948,2222,29,2193,,,3177,2290,887,1253,8,1245
ALL,28473,8683,19790,,2021-05-25-05-40,4367,2276,2091,6931,4259,2672,,,1040,791,249,2564,1983,581
ALL,28634,8192,20442,,2021-05-25-11-42,4366,2153,2213,6928,4104,2824,,,1028,779,249,2562,1951,611
ALL,9613,102,9511,,2021-05-25-17-30,969,16,953,2222,24,2198,,,3176,2296,880,1253,8,1245
ALL,28653,8030,20623,,2021-05-25-17-35,4304,2142,2162,6871,4064,2807,,,1080,825,255,2567,1922,645
ALL,28708,7906,20802,,2021-05-25-23-52,4304,2136,2168,6871,4053,2818,,,1075,828,247,2567,1917,650
ALL,9613,99,9514,,2021-05-26-05-30,969,16,953,2222,23,2199,,,3176,2297,879,1253,7,1246
ALL,28708,7889,20819,,2021-05-26-05-44,4304,2137,2167,6871,4044,2827,,,1075,824,251,2567,1907,660
ALL,28677,7503,21174,,2021-05-26-11-46,4386,2148,2238,6867,3949,2918,,,1094,839,255,2481,1801,680
ALL,9595,104,9491,,2021-05-26-17-30,969,22,947,2222,29,2193,,,3176,2291,885,1253,7,1246
ALL,28728,7338,21390,,2021-05-26-17-36,4322,2025,2297,6883,3868,3015,,,1094,838,256,2561,1843,718
ALL,28728,7254,21474,,2021-05-26-23-59,4326,1976,2350,6887,3813,3074,,,1100,838,262,2561,1837,724
ALL,9595,101,9494,,2021-05-27-05-30,969,22,947,2222,29,2193,,,3176,2293,883,1253,7,1246
ALL,28728,7244,21484,,2021-05-27-05-45,4326,1973,2353,6887,3797,3090,,,1100,838,262,2561,1824,737
ALL,28683,6936,21747,,2021-05-27-11-49,4324,1851,2473,6884,3622,3262,,,1091,841,250,2560,1771,789
ALL,9595,91,9504,,2021-05-27-17-30,969,24,945,2222,30,2192,,,3176,2301,875,1253,6,1247
ALL,28701,6765,21936,,2021-05-27-17-42,4330,1796,2534,6887,3558,3329,,,1097,845,252,2557,1762,795
ALL,28677,6624,22053,,2021-05-28-00-03,4305,1715,2590,6868,3447,3421,,,1081,828,253,2563,1732,831
ALL,9595,92,9503,,2021-05-28-05-30,969,24,945,2222,30,2192,,,3176,2290,886,1253,6,1247
ALL,28677,6618,22059,,2021-05-28-05-46,4305,1718,2587,6868,3441,3427,,,1081,828,253,2563,1723,840
ALL,28631,6265,22366,,2021-05-28-12-01,4408,1669,2739,6969,3374,3595,,,1097,812,285,2561,1705,856
ALL,9595,73,9522,,2021-05-28-17-30,969,19,950,2222,27,2195,,,3176,2255,921,1253,8,1245
ALL,28629,6099,22530,,2021-05-28-17-48,4418,1624,2794,6981,3312,3669,,,1098,810,288,2563,1688,875
ALL,28600,5989,22611,,2021-05-29-00-04,4405,1586,2819,6967,3259,3708,,,1098,811,287,2562,1673,889
ALL,9595,71,9524,,2021-05-29-05-30,969,19,950,2222,27,2195,,,3176,2255,921,1253,8,1245
ALL,28600,5949,22651,,2021-05-29-05-50,4405,1572,2833,6967,3226,3741,,,1098,811,287,2562,1654,908
ALL,28533,5649,22884,,2021-05-29-12-07,4373,1495,2878,6931,3093,3838,,,1094,814,280,2558,1598,960
ALL,9595,82,9513,,2021-05-29-17-30,968,19,949,2222,26,2196,,,3175,2252,923,1254,7,1247
ALL,28530,5562,22968,,2021-05-29-17-44,4371,1450,2921,6928,3048,3880,,,1094,818,276,2557,1598,959
ALL,28535,5486,23049,,2021-05-30-00-06,4376,1425,2951,6933,3012,3921,,,1094,820,274,2557,1587,970
ALL,9595,83,9512,,2021-05-30-05-30,968,19,949,2222,26,2196,,,3175,2255,920,1254,7,1247
ALL,28535,5475,23060,,2021-05-30-05-52,4375,1412,2963,6933,2998,3935,,,1094,816,278,2558,1586,972
ALL,28551,5249,23302,,2021-05-30-12-04,4367,1342,3025,6921,2890,4031,,,1101,830,271,2554,1548,1006
ALL,9595,83,9512,,2021-05-30-17-30,969,22,947,2222,29,2193,,,3175,2243,932,1253,7,1246
ALL,28531,5188,23343,,2021-05-30-17-47,4371,1331,3040,6922,2872,4050,,,1110,824,286,2551,1541,1010
ALL,28531,5164,23367,,2021-05-31-00-05,4371,1317,3054,6922,2864,4058,,,1110,824,286,2551,1547,1004
ALL,9595,84,9511,,2021-05-31-05-30,969,22,947,2222,29,2193,,,3175,2260,915,1253,7,1246
ALL,28531,5150,23381,,2021-05-31-05-54,4371,1309,3062,6922,2852,4070,,,1110,821,289,2551,1543,1008
ALL,28457,4960,23497,,2021-05-31-12-06,4363,1284,3079,6901,2772,4129,,,1120,822,298,2538,1488,1050
ALL,28457,4914,23543,,2021-05-31-17-47,4363,1257,3106,6901,2739,4162,,,1120,824,296,2538,1482,1056
ALL,28457,4809,23648,,2021-06-01-00-17,4341,1238,3103,6900,2708,4192,,,1120,829,291,2559,1470,1089
ALL,9595,77,9518,,2021-06-01-05-30,969,16,953,2222,25,2197,,,3175,2270,905,1253,9,1244
ALL,28457,4820,23637,,2021-06-01-05-58,4341,1229,3112,6900,2695,4205,,,1120,829,291,2559,1466,1093
ALL,28352,4632,23720,,2021-06-01-12-19,4329,1213,3116,6882,2654,4228,,,1152,858,294,2553,1441,1112
ALL,9595,82,9513,,2021-06-01-17-30,969,18,951,2222,27,2195,,,3175,2278,897,1253,9,1244
ALL,28299,4515,23784,,2021-06-01-17-49,4291,1165,3126,6842,2589,4253,,,1192,897,295,2551,1424,1127
ALL,28284,4467,23817,,2021-06-02-00-28,4278,1131,3147,6829,2555,4274,,,1193,897,296,2551,1424,1127
ALL,28284,4438,23846,,2021-06-02-05-56,4278,1119,3159,6829,2540,4289,,,1193,900,293,2551,1421,1130
ALL,28214,4259,23955,,2021-06-02-12-19,4269,1063,3206,6818,2445,4373,,,1213,933,280,2549,1382,1167
ALL,9595,82,9513,,2021-06-02-17-30,969,18,951,2222,27,2195,,,3172,2281,891,1253,9,1244
ALL,28214,4209,24005,,2021-06-02-17-53,4263,1052,3211,6812,2421,4391,,,1213,926,287,2549,1369,1180
ALL,28208,4142,24066,,2021-06-03-00-28,4253,991,3262,6812,2351,4461,,,1223,931,292,2559,1360,1199
ALL,9595,84,9511,,2021-06-03-05-30,969,18,951,2222,26,2196,,,3172,2265,907,1253,8,1245
ALL,28208,4125,24083,,2021-06-03-05-55,4233,993,3240,6792,2356,4436,,,1221,931,290,2559,1363,1196
ALL,28220,3982,24238,,2021-06-03-12-05,4244,926,3318,6794,2249,4545,,,1220,933,287,2550,1323,1227
ALL,9595,78,9517,,2021-06-03-17-30,962,13,949,2216,18,2198,,,3169,2250,919,1254,5,1249
ALL,28173,3883,24290,,2021-06-03-17-44,4246,897,3349,6794,2213,4581,,,1220,934,286,2548,1316,1232
ALL,28218,3854,24364,,2021-06-04-00-21,4246,869,3377,6799,2176,4623,,,1220,936,284,2553,1307,1246
ALL,9595,80,9515,,2021-06-04-05-30,962,13,949,2216,18,2198,,,3169,2250,919,1254,5,1249
ALL,28218,3830,24388,,2021-06-04-05-58,4246,867,3379,6799,2170,4629,,,1220,936,284,2553,1303,1250
ALL,28055,3691,24364,,2021-06-04-12-06,4199,829,3370,6753,2080,4673,,,1251,954,297,2554,1251,1303
ALL,9639,77,9562,,2021-06-04-17-30,963,9,954,2220,18,2202,,,3170,2258,912,1257,9,1248
ALL,28055,3631,24424,,2021-06-04-17-56,4191,821,3370,6745,2050,4695,,,1259,961,298,2554,1229,1325
ALL,28038,3576,24462,,2021-06-05-00-10,4191,807,3384,6745,2015,4730,,,1259,957,302,2554,1208,1346
ALL,9639,74,9565,,2021-06-05-05-30,963,9,954,2220,17,2203,,,3170,2256,914,1257,8,1249
ALL,28038,3560,24478,,2021-06-05-05-51,4191,802,3389,6745,2003,4742,,,1259,958,301,2554,1201,1353
ALL,27988,3432,24556,,2021-06-05-11-55,4183,744,3439,6738,1899,4839,,,1266,965,301,2555,1155,1400
ALL,9639,72,9567,,2021-06-05-17-30,962,8,954,2220,14,2206,,,3170,2243,927,1258,6,1252
ALL,28004,3372,24632,,2021-06-05-17-45,4192,732,3460,6756,1881,4875,,,1277,973,304,2564,1149,1415
ALL,27933,3302,24631,,2021-06-06-00-00,4188,718,3470,6752,1862,4890,,,1277,975,302,2564,1144,1420
ALL,9639,74,9565,,2021-06-06-05-30,962,8,954,2220,14,2206,,,3170,2238,932,1258,6,1252
ALL,27953,3284,24669,,2021-06-06-05-47,4192,711,3481,6756,1852,4904,,,1277,975,302,2564,1141,1423
ALL,27950,3166,24784,,2021-06-06-11-53,4189,698,3491,6754,1806,4948,,,1276,961,315,2565,1108,1457
ALL,9639,86,9553,,2021-06-06-17-30,962,19,943,2220,24,2196,,,3170,2235,935,1258,5,1253
ALL,27933,3139,24794,,2021-06-06-17-45,4190,682,3508,6754,1782,4972,,,1275,968,307,2564,1100,1464
ALL,27933,3126,24807,,2021-06-07-00-00,4190,674,3516,6754,1778,4976,,,1275,968,307,2564,1104,1460
ALL,9639,88,9551,,2021-06-07-05-30,962,19,943,2220,25,2195,,,3170,2234,936,1258,6,1252
ALL,27933,3108,24825,,2021-06-07-05-46,4190,670,3520,6754,1768,4986,,,1275,969,306,2564,1098,1466
ALL,27609,3024,24585,,2021-06-07-12-07,4189,598,3591,6751,1667,5084,,,1287,992,295,2562,1069,1493
ALL,9633,92,9541,,2021-06-07-17-30,962,23,939,2220,30,2190,,,3170,2255,915,1258,7,1251
ALL,27609,2971,24638,,2021-06-07-17-46,4189,565,3624,6751,1617,5134,,,1287,996,291,2562,1052,1510
ALL,27609,2935,24674,,2021-06-08-00-18,4189,548,3641,6751,1580,5171,,,1287,998,289,2562,1032,1530
ALL,9633,92,9541,,2021-06-08-05-30,962,23,939,2220,30,2190,,,3170,2264,906,1258,7,1251
ALL,27609,2921,24688,,2021-06-08-05-49,4189,536,3653,6751,1570,5181,,,1287,998,289,2562,1034,1528
ALL,27516,2827,24689,,2021-06-08-11-42,4170,487,3683,6727,1488,5239,,,1323,999,324,2557,1001,1556
ALL,9630,93,9537,,2021-06-08-17-30,961,20,941,2218,28,2190,,,3186,2281,905,1257,8,1249
ALL,27501,2794,24707,,2021-06-08-17-35,4159,496,3663,6712,1467,5245,,,1307,1001,306,2553,971,1582
ALL,27501,2725,24776,,2021-06-08-23-46,4159,460,3699,6712,1418,5294,,,1307,1005,302,2553,958,1595
ALL,9630,96,9534,,2021-06-09-05-30,961,20,941,2218,28,2190,,,3186,2295,891,1257,8,1249
ALL,27501,2722,24779,,2021-06-09-05-38,4159,452,3707,6712,1410,5302,,,1307,1007,300,2553,958,1595
ALL,27464,2592,24872,,2021-06-09-11-40,4156,460,3696,6707,1365,5342,,,1318,1006,312,2551,905,1646
ALL,27464,2573,24891,,2021-06-09-12-59,4155,454,3701,6704,1353,5351,,,1321,1003,318,2549,899,1650
ALL,9615,85,9530,,2021-06-09-17-30,954,17,937,2215,25,2190,,,3193,2291,902,1261,8,1253
ALL,27464,2544,24920,,2021-06-09-17-31,4155,443,3712,6704,1341,5363,,,1320,999,321,2549,898,1651
ALL,9615,88,9527,,2021-06-10-05-30,954,17,937,2215,25,2190,,,3193,2296,897,1261,8,1253
ALL,27464,2510,24954,,2021-06-10-05-31,4155,436,3719,6704,1333,5371,,,1321,1002,319,2549,897,1652
ALL,9615,90,9525,,2021-06-10-17-30,954,22,932,2215,28,2187,,,3193,2267,926,1261,6,1255
ALL,9615,94,9521,,2021-06-11-05-30,954,22,932,2215,28,2187,,,3193,2268,925,1261,6,1255
ALL,27439,2457,24982,,2021-06-11-05-31,4155,432,3723,6710,1303,5407,,,1322,1005,317,2555,871,1684
ALL,9587,93,9494,,2021-06-11-17-30,954,22,932,2209,30,2179,,,3198,2257,941,1255,8,1247
ALL,27440,2373,25067,,2021-06-11-17-31,4154,382,3772,6705,1223,5482,,,1325,1002,323,2551,841,1710
ALL,9587,92,9495,,2021-06-12-05-30,954,20,934,2209,29,2180,,,3198,2260,938,1255,9,1246
ALL,27440,2352,25088,,2021-06-12-05-31,4154,354,3800,6705,1185,5520,,,1325,1002,323,2551,831,1720
ALL,9587,102,9485,,2021-06-12-17-30,954,23,931,2209,35,2174,,,3198,2282,916,1255,12,1243
ALL,9587,108,9479,,2021-06-13-05-30,954,24,930,2209,37,2172,,,3198,2269,929,1255,13,1242
ALL,27654,2173,25481,,2021-06-13-05-31,4152,369,3783,6685,1138,5547,,,1326,1017,309,2533,769,1764
ALL,9582,128,9454,,2021-06-13-17-30,950,31,919,2204,45,2159,,,3191,2256,935,1254,14,1240
ALL,27666,2155,25511,,2021-06-13-17-31,4153,383,3770,6684,1120,5564,,,1326,1007,319,2531,737,1794
ALL,9582,133,9449,,2021-06-14-04-35,950,31,919,2204,44,2160,,,3191,2251,940,1254,13,1241
ALL,27666,2105,25561,,2021-06-14-05-31,4153,336,3817,6684,1071,5613,,,1326,1003,323,2531,735,1796
ALL,9582,158,9424,,2021-06-14-17-30,953,33,920,2207,47,2160,,,3188,2274,914,1254,14,1240
ALL,27546,2024,25522,,2021-06-15-05-31,4155,318,3837,6668,1024,5644,,,1324,1015,309,2513,706,1807
ALL,9582,177,9405,,2021-06-15-17-30,955,37,918,2209,51,2158,,,3187,2283,904,1254,14,1240
ALL,27554,1895,25659,,2021-06-15-17-31,4156,302,3854,6668,939,5729,,,1335,1024,311,2512,637,1875
ALL,9582,179,9403,,2021-06-16-05-30,955,37,918,2209,51,2158,,,3187,2285,902,1254,14,1240
ALL,27554,1811,25743,,2021-06-16-05-31,4156,296,3860,6668,933,5735,,,1334,1020,314,2512,637,1875
ALL,10000,198,9802,,2021-06-16-17-30,955,38,917,2259,54,2205,,,3164,2256,908,1304,16,1288
ALL,27550,1699,25851,,2021-06-16-17-31,4144,280,3864,6657,886,5771,,,1334,1027,307,2513,606,1907
ALL,9500,199,9301,,2021-06-17-05-30,955,38,917,2131,55,2076,,,3164,2260,904,1176,17,1159
ALL,27550,1660,25890,,2021-06-17-05-31,4144,271,3873,6657,879,5778,,,1334,1017,317,2513,608,1905
ALL,27367,1629,25738,,2021-06-17-17-31,4137,249,3888,6649,848,5801,,,1337,1018,319,2512,599,1913
ALL,27447,1615,25832,,2021-06-18-05-31,4152,239,3913,6669,840,5829,,,1337,1017,320,2517,601,1916
ALL,9506,238,9268,,2021-06-18-17-30,956,46,910,2130,70,2060,,,3244,2277,967,1174,24,1150
ALL,27224,1551,25673,,2021-06-18-17-31,4155,236,3919,6661,803,5858,,,1357,1005,352,2506,567,1939
ALL,9506,237,9269,,2021-06-19-05-30,956,45,911,2130,70,2060,,,3244,2272,972,1174,25,1149
ALL,27224,1544,25680,,2021-06-19-05-31,4137,231,3906,6641,795,5846,,,1373,1022,351,2504,564,1940
ALL,9506,249,9257,,2021-06-19-17-30,956,43,913,2130,65,2065,,,3244,2285,959,1174,22,1152
ALL,9506,250,9256,,2021-06-20-05-30,956,43,913,2130,64,2066,,,3244,2275,969,1174,21,1153
ALL,27220,1525,25695,,2021-06-20-05-31,4128,229,3899,6629,794,5835,,,1376,1003,373,2501,565,1936
ALL,9491,242,9249,,2021-06-20-17-30,957,41,916,2130,64,2066,,,3242,2253,989,1173,23,1150
ALL,27224,1335,25889,,2021-06-20-17-31,4127,217,3910,6630,723,5907,,,1378,1018,360,2503,506,1997
ALL,9491,244,9247,,2021-06-21-05-30,957,41,916,2130,64,2066,,,3242,2262,980,1173,23,1150
ALL,27224,1335,25889,,2021-06-21-05-31,4127,215,3912,6630,722,5908,,,1378,1018,360,2503,507,1996
ALL,27224,1298,25926,,2021-06-21-17-31,4122,205,3917,6626,700,5926,,,1387,1037,350,2504,495,2009
ALL,9491,262,9229,,2021-06-22-05-20,955,51,904,2133,73,2060,,,3242,2280,962,1178,22,1156
ALL,27227,1296,25931,,2021-06-22-05-31,4122,200,3922,6626,693,5933,,,1384,1035,349,2504,493,2011
ALL,9491,260,9231,,2021-06-22-17-30,955,54,901,2133,78,2055,,,3242,2262,980,1178,24,1154
ALL,27226,1255,25971,,2021-06-23-05-31,4114,206,3908,6618,676,5942,,,1391,1041,350,2504,470,2034
ALL,9496,268,9228,,2021-06-23-17-30,959,56,903,2136,84,2052,,,3242,2294,948,1177,28,1149
ALL,27246,1207,26039,,2021-06-23-17-31,4133,206,3927,6637,662,5975,,,1483,1051,432,2504,456,2048
ALL,27246,1193,26053,,2021-06-24-05-31,4133,196,3937,6637,648,5989,,,1484,1051,433,2504,452,2052
ALL,27315,1152,26163,,2021-06-24-17-31,4130,179,3951,6634,617,6017,,,1485,1064,421,2504,438,2066
ALL,9497,283,9214,,2021-06-25-05-30,960,61,899,2136,88,2048,,,3242,2294,948,1176,27,1149
ALL,27315,1136,26179,,2021-06-25-05-31,4130,175,3955,6634,606,6028,,,1485,1063,422,2504,431,2073
ALL,9497,293,9204,,2021-06-25-17-30,960,61,899,2136,88,2048,,,3242,2284,958,1176,27,1149
ALL,27278,1095,26183,,2021-06-25-17-31,4127,165,3962,6634,585,6049,,,1488,1064,424,2507,420,2087
ALL,9497,288,9209,,2021-06-26-05-30,960,62,898,2136,89,2047,,,3242,2283,959,1176,27,1149
ALL,27278,1106,26172,,2021-06-26-05-31,4127,166,3961,6634,585,6049,,,1488,1059,429,2507,419,2088
ALL,9497,285,9212,,2021-06-26-17-30,960,48,912,2136,79,2057,,,3242,2279,963,1176,31,1145
ALL,27278,1049,26229,,2021-06-26-17-31,4133,150,3983,6635,563,6072,,,1391,1048,343,2502,413,2089
ALL,9497,290,9207,,2021-06-27-05-30,960,51,909,2136,82,2054,,,3242,2272,970,1176,31,1145
ALL,27278,1056,26222,,2021-06-27-05-31,4133,147,3986,6635,559,6076,,,1391,1046,345,2502,412,2090
ALL,27284,1037,26247,,2021-06-27-17-31,4132,138,3994,6635,537,6098,,,1391,1044,347,2503,399,2104
ALL,9497,304,9193,,2021-06-28-05-30,960,40,920,2136,76,2060,,,3242,2306,936,1176,36,1140
ALL,27284,1049,26235,,2021-06-28-05-31,4132,140,3992,6635,537,6098,,,1391,1035,356,2503,397,2106
ALL,9497,285,9212,,2021-06-28-17-30,959,44,915,2135,78,2057,,,3242,2314,928,1176,34,1142
ALL,27445,1054,26391,,2021-06-28-17-31,4188,155,4033,6650,534,6116,,,1393,1030,363,2462,379,2083
ALL,9497,287,9210,,2021-06-29-05-30,959,42,917,2135,76,2059,,,3242,2303,939,1176,34,1142
ALL,27040,1027,26013,,2021-06-29-05-31,4095,146,3949,6555,515,6040,,,1420,1081,339,2460,369,2091
ALL,9497,267,9230,,2021-06-29-17-30,959,44,915,2135,78,2057,,,3242,2299,943,1176,34,1142
ALL,9497,269,9228,,2021-06-30-05-30,959,44,915,2135,77,2058,,,3242,2304,938,1176,33,1143
ALL,23422,983,22439,,2021-06-30-05-31,3327,135,3192,5434,508,4926,,,1973,1285,688,2107,373,1734
ALL,9490,258,9232,,2021-06-30-17-30,956,50,906,2132,84,2048,,,3227,2293,934,1176,34,1142
ALL,21372,1004,20368,,2021-06-30-17-31,3043,150,2893,4991,516,4475,,,2164,1407,757,1948,366,1582
ALL,21372,992,20380,,2021-07-01-05-31,3043,133,2910,4991,498,4493,,,2144,1399,745,1948,365,1583
ALL,9490,238,9252,,2021-07-01-17-30,956,47,909,2123,79,2044,,,3222,2292,930,1167,32,1135
ALL,19994,869,19125,,2021-07-01-17-31,2905,139,2766,4649,467,4182,,,2312,1443,869,1744,328,1416
ALL,9490,237,9253,,2021-07-02-05-30,956,48,908,2123,79,2044,,,3222,2294,928,1167,31,1136
ALL,18794,710,18084,,2021-07-02-05-31,2643,79,2564,4299,304,3995,,,2312,1445,867,1656,225,1431
ALL,9498,219,9279,,2021-07-02-17-30,956,46,910,2123,76,2047,,,3222,2295,927,1167,30,1137
ALL,18679,677,18002,,2021-07-02-17-31,2596,75,2521,4241,282,3959,,,2345,1454,891,1645,207,1438
ALL,9498,208,9290,,2021-07-03-05-30,956,45,911,2123,73,2050,,,3222,2291,931,1167,28,1139
ALL,18679,651,18028,,2021-07-03-05-31,2596,76,2520,4241,282,3959,,,2345,1445,900,1645,206,1439
ALL,9498,195,9303,,2021-07-03-17-30,953,43,910,2120,64,2056,,,3226,2273,953,1167,21,1146
ALL,18493,660,17833,,2021-07-03-17-31,2542,64,2478,4162,266,3896,,,2345,1491,854,1620,202,1418
ALL,9498,191,9307,,2021-07-04-05-30,953,43,910,2120,64,2056,,,3226,2269,957,1167,21,1146
ALL,18258,658,17600,,2021-07-04-05-31,2533,63,2470,4139,263,3876,,,2368,1482,886,1606,200,1406
ALL,9496,182,9314,,2021-07-04-17-30,946,34,912,2115,61,2054,,,3222,2279,943,1169,27,1142
ALL,9496,185,9311,,2021-07-05-05-30,946,34,912,2115,61,2054,,,3222,2281,941,1169,27,1142
ALL,17498,617,16881,,2021-07-05-05-31,2533,51,2482,4139,241,3898,,,2368,1480,888,1606,190,1416
ALL,9494,172,9322,,2021-07-05-17-30,946,29,917,2115,53,2062,,,3222,2276,946,1169,24,1145
ALL,17485,598,16887,,2021-07-05-17-31,2536,49,2487,4142,245,3897,,,2372,1506,866,1606,196,1410
ALL,17485,601,16884,,2021-07-06-05-31,2536,51,2485,4142,245,3897,,,2372,1512,860,1606,194,1412
ALL,9494,150,9344,,2021-07-06-17-30,951,33,918,2115,48,2067,,,3222,2265,957,1164,15,1149
ALL,18104,529,17575,,2021-07-06-17-31,2488,62,2426,4080,243,3837,,,2380,1523,857,1592,181,1411
ALL,18104,529,17575,,2021-07-07-05-31,2488,62,2426,4080,241,3839,,,2380,1524,856,1592,179,1413
ALL,19005,546,18459,,2021-07-07-17-31,2484,61,2423,4084,253,3831,,,2380,1519,861,1600,192,1408
ALL,19005,540,18465,,2021-07-08-05-31,2484,60,2424,4084,251,3833,,,2380,1518,862,1600,191,1409
ALL,9469,155,9314,,2021-07-08-17-30,952,38,914,2116,54,2062,,,3213,2265,948,1164,16,1148
ALL,18785,523,18262,,2021-07-08-17-31,2466,60,2406,4061,248,3813,,,2404,1511,893,1595,188,1407
ALL,9469,153,9316,,2021-07-09-05-30,952,38,914,2116,53,2063,,,3213,2269,944,1164,15,1149
ALL,18785,518,18267,,2021-07-09-05-31,2466,59,2407,4061,243,3818,,,2404,1510,894,1595,184,1411
ALL,9469,150,9319,,2021-07-09-17-30,952,38,914,2116,52,2064,,,3213,2269,944,1164,14,1150
ALL,18407,492,17915,,2021-07-09-17-31,2472,60,2412,3978,236,3742,,,2427,1534,893,1506,176,1330
ALL,9469,148,9321,,2021-07-10-05-30,952,37,915,2116,51,2065,,,3213,2264,949,1164,14,1150
ALL,18407,479,17928,,2021-07-10-05-31,2472,58,2414,3978,223,3755,,,2427,1515,912,1506,165,1341
ALL,18349,483,17866,,2021-07-10-17-31,2466,53,2413,3964,226,3738,,,2427,1482,945,1498,173,1325
ALL,9469,147,9322,,2021-07-11-05-30,952,35,917,2116,48,2068,,,3213,2270,943,1164,13,1151
ALL,18316,474,17842,,2021-07-11-05-31,2454,54,2400,3950,226,3724,,,2436,1484,952,1496,172,1324
ALL,9469,133,9336,,2021-07-11-17-30,953,33,920,2117,44,2073,,,3238,2244,994,1164,11,1153
ALL,18316,468,17848,,2021-07-11-17-31,2456,44,2412,3954,203,3751,,,2435,1487,948,1498,159,1339
ALL,9469,130,9339,,2021-07-12-05-30,953,29,924,2117,40,2077,,,3238,2236,1002,1164,11,1153
ALL,18316,468,17848,,2021-07-12-05-31,2456,42,2414,3954,201,3753,,,2435,1491,944,1498,159,1339
ALL,9471,117,9354,,2021-07-12-16-55,953,24,929,2117,35,2082,,,3238,2248,990,1164,11,1153
ALL,18291,441,17850,,2021-07-12-17-31,2456,44,2412,3937,197,3740,,,2435,1492,943,1481,153,1328
ALL,18291,439,17852,,2021-07-12-22-02,2456,43,2413,3937,198,3739,,,2435,1494,941,1481,155,1326
ALL,18291,435,17856,,2021-07-13-05-31,2456,41,2415,3937,194,3743,,,2435,1494,941,1481,153,1328
ALL,18291,422,17869,,2021-07-13-17-31,2456,45,2411,3937,192,3745,,,2434,1520,914,1481,147,1334
ALL,18291,425,17866,,2021-07-14-05-31,2456,48,2408,3937,193,3744,,,2434,1525,909,1481,145,1336
ALL,18104,415,17689,,2021-07-14-17-31,2458,47,2411,3935,181,3754,,,2475,1521,954,1477,134,1343
ALL,18064,402,17662,,2021-07-15-05-30,2444,47,2397,3921,181,3740,,,2487,1522,965,1477,134,1343
ALL,17632,396,17236,,2021-07-15-17-30,2355,42,2313,3816,171,3645,,,2661,1663,998,1461,129,1332
ALL,17632,396,17236,,2021-07-16-05-30,2355,41,2314,3816,174,3642,,,2661,1658,1003,1461,133,1328
ALL,17290,397,16893,,2021-07-16-17-30,2311,40,2271,3768,177,3591,,,2725,1719,1006,1457,137,1320
ALL,17290,394,16896,,2021-07-17-05-30,2311,42,2269,3768,178,3590,,,2787,1701,1086,1457,136,1321
ALL,17267,373,16894,,2021-07-17-17-30,2342,33,2309,3768,157,3611,,,2725,1689,1036,1426,124,1302
ALL,17267,384,16883,,2021-07-18-05-30,2342,35,2307,3768,161,3607,,,2725,1685,1040,1426,126,1300
ALL,9488,123,9365,,2021-07-18-17-30,952,25,927,2115,39,2076,,,3241,2272,969,1163,14,1149
ALL,9488,124,9364,,2021-07-19-05-30,952,26,926,2115,40,2075,,,3241,2269,972,1163,14,1149
ALL,9488,115,9373,,2021-07-19-17-30,952,20,932,2115,37,2078,,,3241,2265,976,1163,17,1146
ALL,9488,117,9371,,2021-07-20-05-30,952,20,932,2115,36,2079,,,3241,2269,972,1163,16,1147
ALL,17036,366,16670,,2021-07-20-17-30,2319,41,2278,3732,154,3578,,,2794,1736,1058,1413,113,1300
ALL,17026,374,16652,,2021-07-21-05-30,2314,42,2272,3727,156,3571,,,2794,1739,1055,1413,114,1299
ALL,9488,132,9356,,2021-07-21-17-30,952,17,935,2115,34,2081,,,3241,2260,981,1163,17,1146
ALL,9488,132,9356,,2021-07-22-05-30,952,17,935,2115,33,2082,,,3241,2256,985,1163,16,1147
ALL,17063,398,16665,,2021-07-22-17-30,2302,48,2254,3715,161,3554,,,2772,1745,1027,1413,113,1300
ALL,9488,121,9367,,2021-07-23-05-30,952,17,935,2115,27,2088,,,3241,2279,962,1163,10,1153
ALL,17045,385,16660,,2021-07-23-17-30,2281,46,2235,3699,161,3538,,,2738,1791,947,1418,115,1303
ALL,17045,388,16657,,2021-07-24-05-30,2281,49,2232,3699,165,3534,,,2738,1792,946,1418,116,1302
ALL,9488,136,9352,,2021-07-24-17-30,952,21,931,2115,32,2083,,,3241,2264,977,1163,11,1152
ALL,9488,140,9348,,2021-07-25-05-30,952,22,930,2115,33,2082,,,3241,2264,977,1163,11,1152
ALL,17047,386,16661,,2021-07-25-16-30,2281,44,2237,3699,158,3541,,,2882,1867,1015,1418,114,1304
ALL,9451,161,9290,,2021-07-25-17-30,952,22,930,2115,32,2083,,,3241,2238,1003,1163,10,1153
ALL,9451,162,9289,,2021-07-26-05-30,952,22,930,2115,33,2082,,,3241,2242,999,1163,11,1152
ALL,9451,192,9259,,2021-07-26-17-30,952,33,919,2115,46,2069,,,3241,2253,988,1163,13,1150
ALL,9451,194,9257,,2021-07-27-05-30,952,33,919,2115,47,2068,,,3241,2257,984,1163,14,1149
ALL,9429,201,9228,,2021-07-27-17-30,948,36,912,2111,49,2062,,,3240,2273,967,1163,13,1150
ALL,9429,205,9224,,2021-07-28-05-30,948,36,912,2111,49,2062,,,3240,2266,974,1163,13,1150
ALL,9409,215,9194,,2021-07-28-17-30,948,38,910,2116,54,2062,,,3232,2279,953,1168,16,1152
ALL,17049,378,16671,,2021-07-29-05-30,2282,50,2232,3698,155,3543,,,2913,1980,933,1416,105,1311
ALL,9401,259,9142,,2021-07-29-17-30,949,50,899,2117,71,2046,,,3232,2287,945,1168,21,1147
ALL,17029,359,16670,,2021-07-30-05-30,2282,46,2236,3698,147,3551,,,2931,2001,930,1416,101,1315
ALL,9402,266,9136,,2021-07-30-17-30,952,46,906,2120,67,2053,,,3235,2276,959,1168,21,1147
ALL,9402,262,9140,,2021-07-31-05-30,952,45,907,2120,65,2055,,,3235,2272,963,1168,20,1148
ALL,9402,288,9114,,2021-07-31-17-30,952,56,896,2120,77,2043,,,3235,2282,953,1168,21,1147
ALL,9402,293,9109,,2021-08-01-05-30,952,56,896,2120,78,2042,,,3235,2283,952,1168,22,1146
ALL,9405,318,9087,,2021-08-01-17-30,952,70,882,2120,90,2030,,,3235,2269,966,1168,20,1148
ALL,9405,319,9086,,2021-08-01-20-50,952,71,881,2120,91,2029,,,3235,2269,966,1168,20,1148
ALL,16855,353,16502,,2021-08-02-05-30,2276,52,2224,3682,136,3546,,,2969,2025,944,1406,84,1322
ALL,16855,333,16522,,2021-08-02-17-30,2276,46,2230,3686,129,3557,,,2969,2020,949,1410,83,1327
ALL,16855,337,16518,,2021-08-03-05-30,2276,48,2228,3686,131,3555,,,2969,2025,944,1410,83,1327
ALL,9406,373,9033,,2021-08-03-14-05,951,73,878,2119,98,2021,,,3233,2321,912,1168,25,1143
ALL,16855,316,16539,,2021-08-03-17-30,2276,47,2229,3686,123,3563,,,2968,2065,903,1410,76,1334
ALL,16855,315,16540,,2021-08-04-05-30,2276,46,2230,3686,123,3563,,,2968,2058,910,1410,77,1333
ALL,16855,317,16538,,2021-08-04-17-30,2277,42,2235,3686,120,3566,,,2967,2066,901,1409,78,1331
ALL,16843,311,16532,,2021-08-05-05-30,2277,42,2235,3686,117,3569,,,2967,2065,902,1409,75,1334
ALL,16875,319,16556,,2021-08-05-17-30,2280,47,2233,3689,125,3564,,,3030,2134,896,1409,78,1331
ALL,16875,327,16548,,2021-08-06-05-30,2280,50,2230,3689,133,3556,,,3030,2134,896,1409,83,1326
ALL,16850,349,16501,,2021-08-06-17-30,2279,48,2231,3687,126,3561,,,3022,2125,897,1408,78,1330
ALL,16855,350,16505,,2021-08-07-05-30,2272,54,2218,3675,129,3546,,,2989,2100,889,1403,75,1328
ALL,16854,366,16488,,2021-08-07-17-30,2271,54,2217,3675,135,3540,,,3015,2133,882,1404,81,1323
ALL,16854,372,16482,,2021-08-08-05-30,2271,57,2214,3675,136,3539,,,3015,2136,879,1404,79,1325
ALL,16797,323,16474,,2021-08-08-17-30,2269,46,2223,3677,132,3545,,,3043,2161,882,1408,86,1322
ALL,16797,330,16467,,2021-08-09-05-30,2269,47,2222,3677,136,3541,,,3043,2176,867,1408,89,1319
ALL,16842,320,16522,,2021-08-09-17-30,2269,55,2214,3677,131,3546,,,3043,2190,853,1408,76,1332
ALL,16842,316,16526,,2021-08-10-05-30,2269,50,2219,3677,126,3551,,,3043,2191,852,1408,76,1332
ALL,16740,313,16427,,2021-08-10-17-30,2235,51,2184,3633,122,3511,,,3027,2213,814,1398,71,1327
ALL,16740,308,16432,,2021-08-11-05-30,2235,51,2184,3633,122,3511,,,3027,2214,813,1398,71,1327
ALL,16636,311,16325,,2021-08-11-17-30,2224,51,2173,3614,126,3488,,,3035,2200,835,1390,75,1315
ALL,16636,311,16325,,2021-08-12-05-30,2224,51,2173,3614,125,3489,,,3035,2198,837,1390,74,1316
ALL,9408,573,8835,,2021-08-12-17-30,936,133,803,2117,184,1933,,,3259,2271,988,1181,51,1130
ALL,9408,574,8834,,2021-08-13-05-30,936,132,804,2117,184,1933,,,3259,2269,990,1181,52,1129
ALL,9417,563,8854,,2021-08-13-17-30,936,129,807,2129,191,1938,,,3253,2273,980,1193,62,1131
ALL,9417,565,8852,,2021-08-14-05-30,936,128,808,2129,191,1938,,,3253,2275,978,1193,63,1130
ALL,9415,583,8832,,2021-08-14-17-30,936,137,799,2129,203,1926,,,3253,2292,961,1193,66,1127
ALL,16611,302,16309,,2021-08-14-23-00,2184,45,2139,3571,114,3457,,,3094,2202,892,1387,69,1318
ALL,9415,591,8824,,2021-08-15-05-30,936,138,798,2129,204,1925,,,3253,2288,965,1193,66,1127
ALL,9416,599,8817,,2021-08-16-05-30,935,131,804,2129,198,1931,,,3256,2271,985,1194,67,1127
ALL,9416,594,8822,,2021-08-17-05-30,935,138,797,2129,207,1922,,,3256,2280,976,1194,69,1125
ALL,9416,559,8857,,2021-08-18-17-30,937,123,814,2154,177,1977,,,3255,2350,905,1217,54,1163
ALL,16607,293,16314,,2021-08-20-17-30,2182,46,2136,3566,109,3457,,,3090,2187,903,1384,63,1321
ALL,9421,498,8923,,2021-08-21-05-30,942,123,819,2160,174,1986,,,3247,2321,926,1218,51,1167
ALL,16607,306,16301,,2021-08-21-16-30,2182,29,2153,3566,95,3471,,,3090,2174,916,1384,66,1318
ALL,16607,304,16303,,2021-08-22-05-30,2182,32,2150,3566,97,3469,,,3090,2173,917,1384,65,1319
ALL,9422,475,8947,,2021-08-22-17-30,942,99,843,2134,151,1983,,,3256,2320,936,1192,52,1140
ALL,16607,273,16334,,2021-08-23-05-30,2182,40,2142,3566,103,3463,,,3090,2143,947,1384,63,1321
ALL,9407,448,8959,,2021-08-23-17-30,941,90,851,2134,144,1990,,,3258,2317,941,1193,54,1139
ALL,16607,276,16331,,2021-08-24-05-30,2176,36,2140,3560,102,3458,,,3090,2142,948,1384,66,1318
ALL,16607,300,16307,,2021-08-24-17-30,2177,43,2134,3560,110,3450,,,3090,2154,936,1383,67,1316
ALL,16599,296,16303,,2021-08-25-05-30,2177,43,2134,3560,110,3450,,,3090,2156,934,1383,67,1316
ALL,9405,381,9024,,2021-08-25-17-30,942,78,864,2144,124,2020,,,3274,2330,944,1202,46,1156
ALL,9405,378,9027,,2021-08-26-05-30,942,77,865,2144,123,2021,,,3274,2324,950,1202,46,1156
ALL,16569,292,16277,,2021-08-26-17-30,2176,42,2134,3560,110,3450,,,3082,2183,899,1384,68,1316
ALL,9405,350,9055,,2021-08-27-05-30,942,73,869,2144,118,2026,,,3274,2326,948,1202,45,1157
ALL,9405,312,9093,,2021-08-27-17-30,943,72,871,2144,115,2029,,,3274,2338,936,1201,43,1158
ALL,16569,291,16278,,2021-08-28-05-30,2176,45,2131,3560,104,3456,,,3083,2190,893,1384,59,1325
ALL,9405,294,9111,,2021-08-28-17-30,944,67,877,2145,107,2038,,,3274,2350,924,1201,40,1161
ALL,9405,295,9110,,2021-08-29-05-30,944,66,878,2145,105,2040,,,3274,2349,925,1201,39,1162
ALL,16565,288,16277,,2021-08-29-17-30,2176,31,2145,3560,95,3465,,,3079,2187,892,1384,64,1320
ALL,9405,264,9141,,2021-08-30-05-30,944,67,877,2145,105,2040,,,3274,2306,968,1201,38,1163
ALL,16565,292,16273,,2021-08-30-17-30,2176,37,2139,3560,92,3468,,,3079,2174,905,1384,55,1329
ALL,9405,247,9158,,2021-08-31-05-30,944,58,886,2145,89,2056,,,3274,2332,942,1201,31,1170
ALL,9405,238,9167,,2021-08-31-17-30,943,53,890,2146,86,2060,,,3274,2325,949,1203,33,1170
ALL,16565,252,16313,,2021-09-01-05-30,2176,33,2143,3560,87,3473,,,3257,2169,1088,1384,54,1330
ALL,16565,258,16307,,2021-09-01-17-30,2176,42,2134,3560,93,3467,,,3257,2155,1102,1384,51,1333
ALL,16554,259,16295,,2021-09-02-05-30,2176,41,2135,3560,94,3466,,,3257,2161,1096,1384,53,1331
ALL,16554,253,16301,,2021-09-02-17-30,2175,38,2137,3559,93,3466,,,3258,2137,1121,1384,55,1329
ALL,16562,261,16301,,2021-09-03-05-30,2178,35,2143,3559,91,3468,,,3258,2133,1125,1381,56,1325
ALL,16562,267,16295,,2021-09-03-17-30,2178,33,2145,3559,90,3469,,,3258,2135,1123,1381,57,1324
ALL,16565,266,16299,,2021-09-04-05-30,2178,34,2144,3559,90,3469,,,3258,2138,1120,1381,56,1325
ALL,16565,242,16323,,2021-09-04-17-30,2175,28,2147,3559,81,3478,,,3259,2144,1115,1384,53,1331
ALL,16565,251,16314,,2021-09-05-05-30,2175,29,2146,3559,80,3479,,,3259,2139,1120,1384,51,1333
ALL,16565,266,16299,,2021-09-05-17-30,2175,37,2138,3559,81,3478,,,3258,2122,1136,1384,44,1340
ALL,16565,269,16296,,2021-09-06-05-30,2175,37,2138,3559,83,3476,,,3258,2125,1133,1384,46,1338
ALL,16565,268,16297,,2021-09-06-17-30,2175,31,2144,3559,79,3480,,,3258,2178,1080,1384,48,1336
ALL,16565,274,16291,,2021-09-07-05-30,2175,31,2144,3559,80,3479,,,3258,2174,1084,1384,49,1335
ALL,16565,271,16294,,2021-09-07-17-30,2175,48,2127,3559,91,3468,,,3261,2201,1060,1384,43,1341
ALL,16565,282,16283,,2021-09-08-05-30,2175,50,2125,3559,93,3466,,,3261,2201,1060,1384,43,1341
ALL,16565,292,16273,,2021-09-08-17-30,2174,48,2126,3559,93,3466,,,3274,2211,1063,1385,45,1340
ALL,16565,295,16270,,2021-09-09-05-30,2174,48,2126,3559,93,3466,,,3274,2213,1061,1385,45,1340
ALL,16334,294,16040,,2021-09-09-17-30,2174,52,2122,3516,92,3424,,,3277,2233,1044,1342,40,1302
ALL,16334,292,16042,,2021-09-10-05-30,2174,47,2127,3516,91,3425,,,3277,2223,1054,1342,44,1298
ALL,16334,279,16055,,2021-09-10-17-30,2174,48,2126,3516,88,3428,,,3277,2221,1056,1342,40,1302
ALL,16334,275,16059,,2021-09-11-05-30,2174,48,2126,3516,87,3429,,,3277,2222,1055,1342,39,1303
ALL,16334,295,16039,,2021-09-11-17-30,2174,45,2129,3516,88,3428,,,3275,2240,1035,1342,43,1299
ALL,16334,297,16037,,2021-09-12-05-30,2174,46,2128,3516,89,3427,,,3275,2242,1033,1342,43,1299
ALL,16340,288,16052,,2021-09-12-17-30,2174,39,2135,3516,83,3433,,,3275,2207,1068,1342,44,1298
ALL,16340,285,16055,,2021-09-13-05-30,2174,36,2138,3516,87,3429,,,3275,2214,1061,1342,51,1291
ALL,16327,275,16052,,2021-09-13-17-30,2174,36,2138,3516,82,3434,,,3275,2186,1089,1342,46,1296
ALL,16327,282,16045,,2021-09-14-05-30,2174,40,2134,3516,84,3432,,,3275,2189,1086,1342,44,1298
ALL,16327,274,16053,,2021-09-14-17-30,2174,37,2137,3516,78,3438,,,3275,2222,1053,1342,41,1301
ALL,16327,272,16055,,2021-09-15-05-30,2174,34,2140,3516,74,3442,,,3275,2198,1077,1342,40,1302
ALL,16327,277,16050,,2021-09-15-17-30,2174,40,2134,3516,84,3432,,,3278,2200,1078,1342,44,1298
ALL,16327,283,16044,,2021-09-16-05-30,2174,42,2132,3516,87,3429,,,3278,2202,1076,1342,45,1297
ALL,16337,295,16042,,2021-09-16-17-30,2174,43,2131,3516,88,3428,,,3280,2245,1035,1342,45,1297
ALL,16337,297,16040,,2021-09-17-05-30,2174,42,2132,3516,92,3424,,,3280,2233,1047,1342,50,1292
ALL,16437,292,16145,,2021-09-17-17-30,2223,36,2187,3565,84,3481,,,3280,2209,1071,1342,48,1294
ALL,16437,299,16138,,2021-09-18-05-30,2223,38,2185,3565,89,3476,,,3280,2209,1071,1342,51,1291
ALL,16431,269,16162,,2021-09-18-17-30,2224,37,2187,3560,79,3481,,,3280,2236,1044,1336,42,1294
ALL,16431,265,16166,,2021-09-19-05-30,2224,37,2187,3560,78,3482,,,3280,2237,1043,1336,41,1295
ALL,16426,265,16161,,2021-09-19-17-30,2225,40,2185,3566,82,3484,,,3281,2276,1005,1341,42,1299
ALL,16426,269,16157,,2021-09-20-05-30,2225,41,2184,3566,87,3479,,,3281,2270,1011,1341,46,1295
ALL,16426,265,16161,,2021-09-20-17-30,2225,47,2178,3566,91,3475,,,3281,2268,1013,1341,44,1297
ALL,16426,276,16150,,2021-09-21-05-30,2225,51,2174,3566,95,3471,,,3281,2271,1010,1341,44,1297
ALL,16426,290,16136,,2021-09-21-17-30,2225,40,2185,3566,91,3475,,,3282,2357,925,1341,51,1290
ALL,16426,286,16140,,2021-09-22-05-30,2225,38,2187,3566,92,3474,,,3282,2352,930,1341,54,1287
ALL,16404,275,16129,,2021-09-22-17-30,2226,36,2190,3566,90,3476,,,3277,2339,938,1340,54,1286
ALL,16404,273,16131,,2021-09-23-05-30,2226,36,2190,3566,91,3475,,,3277,2352,925,1340,55,1285
ALL,16354,278,16076,,2021-09-23-17-30,2218,31,2187,3558,87,3471,,,3285,2351,934,1340,56,1284
ALL,16354,275,16079,,2021-09-24-05-30,2218,35,2183,3558,84,3474,,,3285,2356,929,1340,49,1291
ALL,16354,275,16079,,2021-09-24-17-30,2218,39,2179,3558,88,3470,,,3284,2341,943,1340,49,1291
ALL,16354,264,16090,,2021-09-25-05-30,2218,36,2182,3558,80,3478,,,3284,2350,934,1340,44,1296
ALL,16354,256,16098,,2021-09-25-17-30,2218,24,2194,3558,63,3495,,,3284,2333,951,1340,39,1301
ALL,16354,260,16094,,2021-09-26-05-30,2218,26,2192,3558,65,3493,,,3284,2340,944,1340,39,1301
ALL,16344,246,16098,,2021-09-26-17-30,2216,28,2188,3556,69,3487,,,3283,2331,952,1340,41,1299
ALL,16344,259,16085,,2021-09-27-05-30,2216,29,2187,3556,73,3483,,,3283,2334,949,1340,44,1296
ALL,16344,263,16081,,2021-09-27-17-30,2220,25,2195,3556,69,3487,,,3287,2368,919,1336,44,1292
ALL,16344,264,16080,,2021-09-28-05-30,2220,25,2195,3556,67,3489,,,3287,2352,935,1336,42,1294
ALL,16344,253,16091,,2021-09-28-17-30,2220,34,2186,3556,73,3483,,,3288,2356,932,1336,39,1297
ALL,16344,254,16090,,2021-09-29-05-30,2220,35,2185,3556,72,3484,,,3288,2361,927,1336,37,1299
ALL,16344,279,16065,,2021-09-29-17-30,2217,33,2184,3556,72,3484,,,3286,2339,947,1339,39,1300
ALL,16344,276,16068,,2021-09-30-05-30,2217,35,2182,3556,71,3485,,,3286,2351,935,1339,36,1303
ALL,16334,260,16074,,2021-09-30-17-30,2220,27,2193,3556,55,3501,,,3287,2357,930,1336,28,1308
ALL,16334,260,16074,,2021-10-01-05-30,2220,29,2191,3556,58,3498,,,3287,2353,934,1336,29,1307
ALL,16319,258,16061,,2021-10-01-17-30,2220,28,2192,3556,66,3490,,,3288,2325,963,1336,38,1298
ALL,16319,264,16055,,2021-10-02-05-30,2220,35,2185,3556,70,3486,,,3288,2324,964,1336,35,1301
ALL,16300,266,16034,,2021-10-02-17-30,2203,42,2161,3539,77,3462,,,3289,2332,957,1336,35,1301
ALL,16300,267,16033,,2021-10-03-05-30,2203,41,2162,3539,79,3460,,,3289,2325,964,1336,38,1298
ALL,16300,260,16040,,2021-10-03-17-30,2203,31,2172,3539,69,3470,,,3289,2319,970,1336,38,1298
ALL,16300,255,16045,,2021-10-04-05-30,2203,30,2173,3539,66,3473,,,3289,2316,973,1336,36,1300
ALL,16300,270,16030,,2021-10-04-17-30,2203,39,2164,3539,74,3465,,,3285,2328,957,1336,35,1301
ALL,16300,261,16039,,2021-10-05-05-30,2203,40,2163,3539,74,3465,,,3285,2338,947,1336,34,1302
ALL,16300,251,16049,,2021-10-05-17-30,2203,37,2166,3539,73,3466,,,3289,2348,941,1336,36,1300
ALL,16300,247,16053,,2021-10-06-05-30,2203,37,2166,3539,73,3466,,,3289,2356,933,1336,36,1300
ALL,16270,272,15998,,2021-10-06-17-30,2203,38,2165,3539,71,3468,,,3293,2379,914,1336,33,1303
ALL,16270,269,16001,,2021-10-07-05-30,2203,38,2165,3539,69,3470,,,3293,2359,934,1336,31,1305
ALL,16270,276,15994,,2021-10-07-17-30,2203,35,2168,3539,72,3467,,,3294,2276,1018,1336,37,1299
ALL,16270,281,15989,,2021-10-08-05-30,2203,42,2161,3539,79,3460,,,3294,2285,1009,1336,37,1299
ALL,17160,273,16887,,2021-10-08-17-30,2340,38,2302,3854,77,3777,,,3051,2361,690,1514,39,1475
ALL,17160,271,16889,,2021-10-09-05-30,2340,39,2301,3854,78,3776,,,3051,2374,677,1514,39,1475
ALL,17160,268,16892,,2021-10-09-17-30,2340,39,2301,3854,75,3779,,,3052,2372,680,1514,36,1478
ALL,17160,268,16892,,2021-10-10-05-30,2340,39,2301,3854,73,3781,,,3052,2358,694,1514,34,1480
ALL,17150,244,16906,,2021-10-10-17-30,2337,35,2302,3854,72,3782,,,3052,2360,692,1517,37,1480
ALL,17150,247,16903,,2021-10-11-05-30,2337,41,2296,3854,77,3777,,,3052,2360,692,1517,36,1481
ALL,17150,263,16887,,2021-10-11-17-30,2332,32,2300,3854,73,3781,,,3052,2337,715,1522,41,1481
ALL,17150,278,16872,,2021-10-12-05-30,2332,34,2298,3854,75,3779,,,3052,2341,711,1522,41,1481
ALL,17150,264,16886,,2021-10-12-17-30,2332,36,2296,3854,80,3774,,,3062,2363,699,1522,44,1478
ALL,17150,264,16886,,2021-10-13-05-30,2332,37,2295,3854,80,3774,,,3062,2368,694,1522,43,1479
ALL,17150,232,16918,,2021-10-13-17-30,2332,25,2307,3854,64,3790,,,3062,2372,690,1522,39,1483
ALL,17150,233,16917,,2021-10-14-05-30,2332,25,2307,3854,66,3788,,,3062,2372,690,1522,41,1481
ALL,17150,227,16923,,2021-10-14-17-30,2332,25,2307,3854,65,3789,,,3053,2357,696,1522,40,1482
ALL,17150,230,16920,,2021-10-15-05-30,2332,27,2305,3854,68,3786,,,3053,2357,696,1522,41,1481
ALL,17150,227,16923,,2021-10-15-17-30,2332,28,2304,3854,62,3792,,,3052,2369,683,1522,34,1488
ALL,17150,227,16923,,2021-10-16-05-30,2332,27,2305,3854,62,3792,,,3052,2377,675,1522,35,1487
ALL,17231,245,16986,,2021-10-16-17-30,2334,25,2309,3854,67,3787,,,3051,2356,695,1520,42,1478
ALL,17231,249,16982,,2021-10-17-05-30,2334,25,2309,3854,67,3787,,,3051,2359,692,1520,42,1478
ALL,17231,232,16999,,2021-10-17-17-30,2334,29,2305,3854,67,3787,,,3051,2350,701,1520,38,1482
ALL,17231,222,17009,,2021-10-18-05-30,2334,30,2304,3854,64,3790,,,3051,2347,704,1520,34,1486
ALL,17223,212,17011,,2021-10-18-17-30,2334,22,2312,3854,57,3797,,,3051,2312,739,1520,35,1485
ALL,17121,213,16908,,2021-10-19-05-30,2332,22,2310,3844,57,3787,,,3020,2297,723,1512,35,1477
ALL,16524,210,16314,,2021-10-19-17-30,2261,29,2232,3758,62,3696,,,3047,2355,692,1497,33,1464
ALL,16524,203,16321,,2021-10-20-05-30,2261,27,2234,3758,56,3702,,,3047,2355,692,1497,29,1468
ALL,16355,214,16141,,2021-10-20-17-30,2227,26,2201,3712,56,3656,,,3088,2392,696,1485,30,1455
ALL,16274,217,16057,,2021-10-21-05-30,2224,27,2197,3704,58,3646,,,3088,2387,701,1480,31,1449
ALL,15946,218,15728,,2021-10-21-17-30,1959,35,1924,3439,70,3369,,,3096,2408,688,1480,35,1445
ALL,15865,211,15654,,2021-10-22-05-30,1909,34,1875,3387,65,3322,,,3096,2396,700,1478,31,1447
ALL,15855,226,15629,,2021-10-22-17-30,1855,26,1829,3387,64,3323,,,3105,2405,700,1532,38,1494
ALL,15855,231,15624,,2021-10-23-05-30,1855,26,1829,3387,65,3322,,,3105,2422,683,1532,39,1493
ALL,15713,217,15496,,2021-10-23-17-30,1819,29,1790,3341,56,3285,,,3143,2441,702,1522,27,1495
ALL,15713,216,15497,,2021-10-24-05-30,1819,31,1788,3341,58,3283,,,3143,2446,697,1522,27,1495
ALL,15710,215,15495,,2021-10-24-17-30,1819,31,1788,3341,58,3283,,,3144,2458,686,1522,27,1495
ALL,15690,216,15474,,2021-10-25-05-30,1819,31,1788,3341,58,3283,,,3144,2455,689,1522,27,1495
ALL,15706,216,15490,,2021-10-25-17-30,1819,28,1791,3341,57,3284,,,3140,2408,732,1522,29,1493
ALL,15706,222,15484,,2021-10-26-05-30,1819,30,1789,3341,58,3283,,,3140,2382,758,1522,28,1494
ALL,15744,207,15537,,2021-10-26-17-30,1829,29,1800,3351,53,3298,,,3140,2388,752,1522,24,1498
ALL,15744,216,15528,,2021-10-27-05-30,1829,31,1798,3351,55,3296,,,3140,2399,741,1522,24,1498
ALL,15744,232,15512,,2021-10-27-17-30,1829,30,1799,3351,55,3296,,,3139,2413,726,1522,25,1497
ALL,15601,231,15370,,2021-10-28-05-30,1805,31,1774,3323,56,3267,,,3171,2407,764,1518,25,1493
ALL,15259,197,15062,,2021-10-28-17-30,1761,20,1741,3267,53,3214,,,3209,2408,801,1506,33,1473
ALL,15229,197,15032,,2021-10-29-05-30,1757,19,1738,3260,52,3208,,,3209,2408,801,1503,33,1470
ALL,14882,187,14695,,2021-10-29-17-30,1676,21,1655,3166,51,3115,,,3288,2453,835,1490,30,1460
ALL,14877,199,14678,,2021-10-30-05-30,1685,21,1664,3175,51,3124,,,3288,2477,811,1490,30,1460
ALL,14523,210,14313,,2021-10-30-17-30,1584,21,1563,3009,48,2961,,,3285,2477,808,1425,27,1398
ALL,14523,207,14316,,2021-10-31-05-30,1584,22,1562,3009,49,2960,,,3285,2483,802,1425,27,1398
ALL,14427,193,14234,,2021-10-31-17-30,1547,9,1538,2969,34,2935,,,3305,2460,845,1422,25,1397
ALL,14427,192,14235,,2021-11-01-05-30,1547,9,1538,2969,34,2935,,,3305,2448,857,1422,25,1397
ALL,14053,176,13877,,2021-11-01-17-30,1478,11,1467,2891,37,2854,,,3312,2454,858,1413,26,1387
ALL,14053,168,13885,,2021-11-02-05-30,1478,11,1467,2891,37,2854,,,3312,2452,860,1413,26,1387
ALL,13917,161,13756,,2021-11-02-17-30,1455,11,1444,2858,35,2823,,,3329,2467,862,1403,24,1379
ALL,13917,161,13756,,2021-11-03-05-30,1455,11,1444,2858,35,2823,,,3329,2456,873,1403,24,1379
ALL,13876,152,13724,,2021-11-03-17-30,1452,10,1442,2854,34,2820,,,3341,2460,881,1402,24,1378
ALL,13876,151,13725,,2021-11-04-05-30,1452,10,1442,2854,31,2823,,,3341,2459,882,1402,21,1381
ALL,13831,152,13679,,2021-11-04-17-30,1441,9,1432,2841,30,2811,,,3353,2438,915,1400,21,1379
ALL,13831,152,13679,,2021-11-05-05-30,1441,9,1432,2841,30,2811,,,3353,2435,918,1400,21,1379
ALL,13831,163,13668,,2021-11-05-17-30,1441,8,1433,2841,30,2811,,,3351,2384,967,1400,22,1378
ALL,13831,165,13666,,2021-11-06-05-30,1441,8,1433,2841,30,2811,,,3351,2362,989,1400,22,1378
ALL,13820,177,13643,,2021-11-06-17-30,1439,7,1432,2839,32,2807,,,3349,2359,990,1400,25,1375
ALL,13825,178,13647,,2021-11-07-05-30,1442,7,1435,2839,32,2807,,,3349,2379,970,1397,25,1372
ALL,13790,179,13611,,2021-11-07-17-30,1439,9,1430,2836,37,2799,,,3350,2381,969,1397,28,1369
ALL,13785,179,13606,,2021-11-08-05-30,1439,9,1430,2836,37,2799,,,3350,2380,970,1397,28,1369
ALL,13785,178,13607,,2021-11-08-17-30,1439,8,1431,2836,37,2799,,,3350,2366,984,1397,29,1368
ALL,13784,179,13605,,2021-11-09-05-30,1439,8,1431,2836,37,2799,,,3350,2374,976,1397,29,1368
ALL,13784,177,13607,,2021-11-09-17-30,1439,10,1429,2836,38,2798,,,3348,2376,972,1397,28,1369
ALL,13784,185,13599,,2021-11-10-05-30,1430,13,1417,2827,41,2786,,,3348,2388,960,1397,28,1369
ALL,13609,194,13415,,2021-11-10-17-30,1430,13,1417,2827,40,2787,,,3348,2416,932,1397,27,1370
ALL,13609,199,13410,,2021-11-11-05-30,1430,15,1415,2827,42,2785,,,3348,2423,925,1397,27,1370
ALL,13609,183,13426,,2021-11-11-17-30,1425,11,1414,2825,42,2783,,,3345,2436,909,1400,31,1369
ALL,13609,180,13429,,2021-11-12-05-30,1425,11,1414,2825,42,2783,,,3345,2432,913,1400,31,1369
ALL,13609,182,13427,,2021-11-12-17-30,1395,12,1383,2795,40,2755,,,3375,2434,941,1400,28,1372
ALL,13609,182,13427,,2021-11-13-05-30,1395,13,1382,2795,41,2754,,,3375,2432,943,1400,28,1372
ALL,13609,176,13433,,2021-11-13-17-30,1395,11,1384,2795,40,2755,,,3375,2428,947,1400,29,1371
ALL,13609,175,13434,,2021-11-14-05-30,1395,9,1386,2795,39,2756,,,3375,2427,948,1400,30,1370
ALL,13580,179,13401,,2021-11-14-17-30,1392,12,1380,2792,37,2755,,,3375,2395,980,1400,25,1375
ALL,13580,176,13404,,2021-11-15-05-30,1394,12,1382,2792,37,2755,,,3375,2382,993,1398,25,1373
ALL,13580,187,13393,,2021-11-15-17-30,1393,11,1382,2792,39,2753,,,3375,2399,976,1399,28,1371
ALL,13580,189,13391,,2021-11-16-05-30,1393,11,1382,2792,39,2753,,,3375,2403,972,1399,28,1371
ALL,13580,181,13399,,2021-11-16-17-30,1393,12,1381,2792,37,2755,,,3376,2407,969,1399,25,1374
ALL,13580,186,13394,,2021-11-17-05-30,1393,13,1380,2792,38,2754,,,3376,2401,975,1399,25,1374
ALL,13580,181,13399,,2021-11-17-17-30,1403,10,1393,2802,30,2772,,,3375,2403,972,1399,20,1379
ALL,13580,181,13399,,2021-11-18-05-30,1403,10,1393,2802,30,2772,,,3375,2399,976,1399,20,1379
ALL,13580,186,13394,,2021-11-18-17-30,1404,12,1392,2802,37,2765,,,3376,2405,971,1398,25,1373
ALL,13580,175,13405,,2021-11-19-05-30,1404,12,1392,2802,38,2764,,,3376,2412,964,1398,26,1372
ALL,13580,177,13403,,2021-11-19-17-30,1404,13,1391,2802,39,2763,,,3376,2399,977,1398,26,1372
ALL,13580,179,13401,,2021-11-20-05-30,1404,13,1391,2802,40,2762,,,3376,2401,975,1398,27,1371
ALL,13580,167,13413,,2021-11-20-17-30,1405,12,1393,2802,37,2765,,,3376,2382,994,1397,25,1372
ALL,13580,168,13412,,2021-11-21-05-30,1405,13,1392,2802,38,2764,,,3376,2381,995,1397,25,1372
ALL,13580,169,13411,,2021-11-21-17-30,1405,12,1393,2802,36,2766,,,3376,2347,1029,1397,24,1373
ALL,13580,169,13411,,2021-11-22-05-30,1405,12,1393,2802,36,2766,,,3376,2337,1039,1397,24,1373
ALL,13580,174,13406,,2021-11-22-17-30,1405,13,1392,2802,36,2766,,,3376,2367,1009,1397,23,1374
ALL,13580,175,13405,,2021-11-23-05-30,1405,12,1393,2802,35,2767,,,3376,2375,1001,1397,23,1374
ALL,13580,172,13408,,2021-11-23-17-30,1405,13,1392,2802,36,2766,,,3375,2400,975,1397,23,1374
ALL,13580,172,13408,,2021-11-24-05-30,1405,13,1392,2802,36,2766,,,3375,2396,979,1397,23,1374
ALL,13580,179,13401,,2021-11-24-17-30,1405,11,1394,2802,35,2767,,,3375,2399,976,1397,24,1373
ALL,13580,178,13402,,2021-11-25-05-30,1405,12,1393,2802,34,2768,,,3375,2400,975,1397,22,1375
ALL,13507,177,13330,,2021-11-25-17-30,1405,11,1394,2791,34,2757,,,3375,2413,962,1386,23,1363
ALL,13507,176,13331,,2021-11-26-05-30,1405,11,1394,2791,35,2756,,,3375,2413,962,1386,24,1362
ALL,13507,174,13333,,2021-11-26-17-30,1405,14,1391,2791,32,2759,,,3375,2411,964,1386,18,1368
ALL,13507,175,13332,,2021-11-27-05-30,1405,14,1391,2791,32,2759,,,3375,2411,964,1386,18,1368
ALL,13519,167,13352,,2021-11-27-17-30,1405,9,1396,2791,26,2765,,,3376,2412,964,1386,17,1369
ALL,13519,173,13346,,2021-11-28-05-30,1405,9,1396,2791,29,2762,,,3376,2411,965,1386,20,1366
ALL,13507,167,13340,,2021-11-28-17-30,1405,11,1394,2791,29,2762,,,3375,2387,988,1386,18,1368
ALL,13507,169,13338,,2021-11-29-05-30,1405,14,1391,2791,32,2759,,,3375,2387,988,1386,18,1368
ALL,13507,157,13350,,2021-11-29-17-30,1405,9,1396,2791,26,2765,,,3375,2357,1018,1386,17,1369
ALL,13507,163,13344,,2021-11-30-05-30,1405,9,1396,2791,27,2764,,,3375,2350,1025,1386,18,1368
ALL,13507,152,13355,,2021-11-30-17-30,1405,13,1392,2791,30,2761,,,3375,2364,1011,1386,17,1369
ALL,13507,152,13355,,2021-12-01-05-30,1405,13,1392,2791,30,2761,,,3375,2364,1011,1386,17,1369
ALL,13507,146,13361,,2021-12-01-17-30,1405,21,1384,2791,36,2755,,,3375,2373,1002,1386,15,1371
ALL,13507,147,13360,,2021-12-02-05-30,1408,20,1388,2791,35,2756,,,3375,2390,985,1383,15,1368
ALL,13508,160,13348,,2021-12-02-17-30,1405,17,1388,2791,34,2757,,,3376,2362,1014,1386,17,1369
ALL,13508,169,13339,,2021-12-03-05-30,1405,29,1376,2791,46,2745,,,3376,2361,1015,1386,17,1369
ALL,13508,183,13325,,2021-12-03-17-30,1403,36,1367,2791,53,2738,,,3378,2365,1013,1388,17,1371
ALL,13508,182,13326,,2021-12-04-05-30,1403,39,1364,2791,57,2734,,,3378,2356,1022,1388,18,1370
ALL,13508,181,13327,,2021-12-04-17-30,1402,43,1359,2791,61,2730,,,3377,2351,1026,1389,18,1371
ALL,13508,181,13327,,2021-12-05-05-30,1402,42,1360,2791,60,2731,,,3377,2349,1028,1389,18,1371
ALL,13518,195,13323,,2021-12-05-17-30,1402,47,1355,2791,67,2724,,,3377,2335,1042,1389,20,1369
ALL,13518,199,13319,,2021-12-06-05-30,1402,48,1354,2791,68,2723,,,3377,2335,1042,1389,20,1369
ALL,13543,177,13366,,2021-12-06-17-30,1402,42,1360,2791,61,2730,,,3372,2344,1028,1389,19,1370
ALL,13543,178,13365,,2021-12-07-05-30,1404,46,1358,2791,65,2726,,,3372,2331,1041,1387,19,1368
ALL,13528,207,13321,,2021-12-07-17-30,1407,61,1346,2788,81,2707,,,3373,2339,1034,1381,20,1361
ALL,13528,207,13321,,2021-12-08-05-30,1407,61,1346,2788,80,2708,,,3373,2335,1038,1381,19,1362
ALL,13548,193,13355,,2021-12-08-17-30,1403,20,1383,2784,38,2746,,,3377,2360,1017,1381,18,1363
ALL,13548,193,13355,,2021-12-09-05-30,1403,20,1383,2784,37,2747,,,3377,2360,1017,1381,17,1364
ALL,13548,193,13355,,2021-12-09-17-30,1403,18,1385,2784,41,2743,,,3376,2356,1020,1381,23,1358
ALL,13548,193,13355,,2021-12-10-05-30,1403,19,1384,2784,42,2742,,,3376,2355,1021,1381,23,1358
ALL,13558,185,13373,,2021-12-10-17-30,1401,20,1381,2784,41,2743,,,3375,2332,1043,1383,21,1362
ALL,13558,195,13363,,2021-12-11-05-30,1401,21,1380,2784,42,2742,,,3375,2333,1042,1383,21,1362
ALL,13558,176,13382,,2021-12-11-17-30,1401,17,1384,2784,37,2747,,,3375,2336,1039,1383,20,1363
ALL,13558,184,13374,,2021-12-12-05-30,1401,16,1385,2784,37,2747,,,3375,2336,1039,1383,21,1362
ALL,13558,178,13380,,2021-12-12-17-30,1401,14,1387,2784,34,2750,,,3375,2330,1045,1383,20,1363
ALL,13558,183,13375,,2021-12-13-05-30,1401,14,1387,2784,34,2750,,,3375,2326,1049,1383,20,1363
ALL,13533,198,13335,,2021-12-13-17-30,1401,15,1386,2784,36,2748,,,3375,2314,1061,1383,21,1362
ALL,13533,197,13336,,2021-12-14-05-30,1401,15,1386,2784,36,2748,,,3375,2328,1047,1383,21,1362
ALL,13533,200,13333,,2021-12-14-17-30,1401,19,1382,2784,36,2748,,,3375,2333,1042,1383,17,1366
ALL,13533,200,13333,,2021-12-15-05-30,1401,19,1382,2784,36,2748,,,3375,2334,1041,1383,17,1366
ALL,13514,202,13312,,2021-12-15-16-00,1401,21,1380,2784,38,2746,,,3375,2344,1031,1383,17,1366
ALL,13514,211,13303,,2021-12-16-05-30,1401,22,1379,2784,39,2745,,,3375,2345,1030,1383,17,1366
ALL,13543,215,13328,,2021-12-16-17-30,1401,23,1378,2784,42,2742,,,3375,2341,1034,1383,19,1364
ALL,13533,209,13324,,2021-12-17-05-30,1405,23,1382,2784,41,2743,,,3375,2322,1053,1379,18,1361
ALL,13534,211,13323,,2021-12-17-17-30,1410,27,1383,2788,40,2748,,,3378,2320,1058,1378,13,1365
ALL,13534,213,13321,,2021-12-18-05-30,1410,28,1382,2788,41,2747,,,3428,2319,1109,1378,13,1365
ALL,13534,218,13316,,2021-12-18-17-30,1410,30,1380,2788,37,2751,,,3432,2316,1116,1378,7,1371
ALL,13534,222,13312,,2021-12-19-05-30,1410,32,1378,2788,40,2748,,,3432,2314,1118,1378,8,1370
ALL,13517,235,13282,,2021-12-19-17-30,1410,48,1362,2788,60,2728,,,3432,2291,1141,1378,12,1366
ALL,13517,236,13281,,2021-12-20-05-30,1410,48,1362,2788,60,2728,,,3432,2288,1144,1378,12,1366
ALL,13574,242,13332,,2021-12-20-17-30,1413,23,1390,2791,32,2759,,,3424,2304,1120,1378,9,1369
ALL,13574,240,13334,,2021-12-21-05-30,1413,24,1389,2791,34,2757,,,3424,2312,1112,1378,10,1368
ALL,13574,217,13357,,2021-12-21-17-30,1413,24,1389,2791,35,2756,,,3423,2306,1117,1378,11,1367
ALL,13574,221,13353,,2021-12-22-05-30,1409,25,1384,2791,36,2755,,,3423,2315,1108,1382,11,1371
ALL,13574,236,13338,,2021-12-22-17-30,1414,25,1389,2796,38,2758,,,3423,2336,1087,1382,13,1369
ALL,13574,239,13335,,2021-12-23-05-30,1414,26,1388,2796,40,2756,,,3423,2337,1086,1382,14,1368
ALL,13573,252,13321,,2021-12-23-17-30,1414,28,1386,2796,45,2751,,,3423,2364,1059,1382,17,1365
ALL,13468,249,13219,,2021-12-24-05-30,1405,27,1378,2786,44,2742,,,3423,2372,1051,1381,17,1364
ALL,13500,251,13249,,2021-12-24-17-30,1405,27,1378,2786,37,2749,,,3423,2373,1050,1381,10,1371
ALL,13500,250,13250,,2021-12-25-05-30,1409,28,1381,2790,38,2752,,,3423,2353,1070,1381,10,1371
ALL,13500,247,13253,,2021-12-25-17-30,1405,28,1377,2786,34,2752,,,3423,2355,1068,1381,6,1375
ALL,13500,247,13253,,2021-12-26-05-30,1404,27,1377,2786,33,2753,,,3423,2355,1068,1382,6,1376
ALL,13499,257,13242,,2021-12-26-17-30,1405,24,1381,2787,32,2755,,,3423,2354,1069,1382,8,1374
ALL,13494,261,13233,,2021-12-27-05-30,1405,24,1381,2787,32,2755,,,3423,2341,1082,1382,8,1374
ALL,13418,297,13121,,2021-12-27-17-30,1387,25,1362,2766,37,2729,,,3435,2319,1116,1379,12,1367
ALL,13418,299,13119,,2021-12-28-05-30,1387,26,1361,2766,40,2726,,,3435,2321,1114,1379,14,1365
ALL,13482,297,13185,,2021-12-28-17-30,1383,12,1371,2762,28,2734,,,3435,2310,1125,1379,16,1363
ALL,13482,303,13179,,2021-12-29-05-30,1383,13,1370,2762,28,2734,,,3435,2305,1130,1379,15,1364
ALL,13494,292,13202,,2021-12-29-17-30,1391,14,1377,2770,31,2739,,,3435,2334,1101,1379,17,1362
ALL,13494,301,13193,,2021-12-30-05-30,1391,16,1375,2770,34,2736,,,3435,2335,1100,1379,18,1361
ALL,13475,316,13159,,2021-12-30-17-30,1391,21,1370,2770,46,2724,,,3435,2347,1088,1379,25,1354
ALL,13475,231,13244,,2021-12-31-05-30,1391,22,1369,2770,43,2727,,,3435,2334,1101,1379,21,1358
ALL,9193,274,8919,,2021-12-31-17-35,1591,56,1535,3020,96,2924,,,3437,2322,1115,1429,40,1389