name,beds_total,beds_occupied,beds_vacant,type,last_updated_at,icu_beds_without_ventilator_total,icu_beds_without_ventilator_occupied,icu_beds_without_ventilator_vacant,noncovid_icu_beds_total,noncovid_icu_beds_occupied,noncovid_icu_beds_vacant,ventilators_total,ventilators_occupied,ventilators_vacant,covid_icu_beds_total,covid_icu_beds_occupied,covid_icu_beds_vacant,oxygen_left_for_days,oxygen_left_for_hours
ALL,20157,18009,2148,,2021-04-22-08-41,3211,3187,24,1152,897,255,1460,1454,6,4671,4641,30,,
ALL,20174,18026,2148,,2021-04-22-08-50,3211,3187,24,1152,897,255,1460,1454,6,4671,4641,30,,
ALL,20174,18026,2148,,2021-04-22-08-56,3211,3187,24,1152,897,255,1460,1454,6,4671,4641,30,,
ALL,20174,18029,2145,,2021-04-22-09-02,3211,3187,24,1152,897,255,1460,1454,6,4671,4641,30,,
ALL,20201,18164,2037,,2021-04-22-11-09,3211,3187,24,1152,893,259,1460,1456,4,4671,4643,28,,
ALL,20357,18272,2085,,2021-04-22-14:54,3224,3212,12,1148,892,256,1460,1456,4,4684,4668,16,,
ALL,20357,18272,2085,,2021-04-22-14-55,3224,3212,12,1148,892,256,1460,1456,4,4684,4668,16,,
ALL,20355,18285,2070,,2021-04-22-15-42,3224,3212,12,1148,892,256,1460,1456,4,4684,4668,16,,
ALL,20348,18291,2057,,2021-04-22-16-32,3224,3212,12,1148,889,259,1460,1454,6,4684,4666,18,,
ALL,20349,18314,2035,,2021-04-22-17-29,3222,3210,12,1148,887,261,1462,1456,6,4684,4666,18,,
ALL,20448,18277,2171,,2021-04-22-18-40,3222,3210,12,1148,887,261,1462,1456,6,4684,4666,18,,
ALL,20433,18280,2153,,2021-04-22-19-32,3205,3194,11,1148,887,261,1458,1454,4,4663,4648,15,,
ALL,20433,18279,2154,,2021-04-22-20-42,3205,3194,11,1148,887,261,1458,1454,4,4663,4648,15,,
ALL,20433,18295,2138,,2021-04-22-21-35,3205,3194,11,1148,887,261,1458,1454,4,4663,4648,15,,
ALL,20431,18294,2137,,2021-04-22-22-49,3204,3193,11,1148,887,261,1458,1454,4,4662,4647,15,,
ALL,20434,18259,2175,,2021-04-22-23-41,3204,3193,11,1148,887,261,1458,1454,4,4662,4647,15,,
ALL,20438,18310,2128,,2021-04-23-00-42,3204,3193,11,1148,888,260,1458,1454,4,4662,4647,15,,
ALL,20438,18315,2123,,2021-04-23-01-34,3204,3193,11,1148,888,260,1458,1454,4,4662,4647,15,,
ALL,20438,18322,2116,,2021-04-23-02-32,3204,3193,11,1148,888,260,1458,1454,4,4662,4647,15,,
ALL,20440,18333,2107,,2021-04-23-03-37,3204,3193,11,1148,888,260,1458,1454,4,4662,4647,15,,
ALL,20440,18331,2109,,2021-04-23-04-42,3204,3193,11,1148,888,260,1458,1454,4,4662,4647,15,,
ALL,20440,18331,2109,,2021-04-23-05-46,3204,3193,11,1148,888,260,1458,1454,4,4662,4647,15,,
ALL,20445,18359,2086,,2021-04-23-06-59,3204,3193,11,1148,888,260,1458,1457,1,4662,4650,12,,
ALL,20445,18429,2016,,2021-04-23-07-56,3205,3194,11,1148,880,268,1457,1456,1,4662,4650,12,,
ALL,20444,18425,2019,,2021-04-23-08-40,3208,3197,11,1148,879,269,1457,1456,1,4665,4653,12,,
ALL,20455,18449,2006,,2021-04-23-09-43,3208,3184,24,1148,879,269,1457,1456,1,4665,4640,25,,
ALL,20642,18503,2139,,2021-04-23-10-46,3200,3176,24,1148,878,270,1471,1470,1,4671,4646,25,,
ALL,20642,18564,2078,,2021-04-23-11-40,3200,3176,24,1148,878,270,1471,1470,1,4671,4646,25,,
ALL,20677,18491,2186,,2021-04-23-12-36,3200,3176,24,1154,880,274,1471,1470,1,4671,4646,25,,
ALL,20608,18276,2332,,2021-04-23-13-32,3234,2976,258,1154,880,274,1472,1471,1,4706,4447,259,,
ALL,20452,18378,2074,,2021-04-23-14-33,3018,2994,24,1154,880,274,1472,1470,2,4490,4464,26,,
ALL,20351,18220,2131,,2021-04-23-15-32,3118,3075,43,1154,880,274,1472,1471,1,4590,4546,44,,
ALL,20347,18432,1915,,2021-04-23-16-32,3118,3080,38,1154,881,273,1488,1487,1,4606,4567,39,,
ALL,20407,18505,1902,,2021-04-23-17-32,3115,3082,33,1154,880,274,1491,1490,1,4606,4572,34,,
ALL,20397,18514,1883,,2021-04-23-18-39,3104,3087,17,1154,879,275,1490,1485,5,4594,4572,22,,
ALL,20419,18514,1905,,2021-04-23-19-32,3104,3087,17,1154,880,274,1490,1485,5,4594,4572,22,,
ALL,20419,18514,1905,,2021-04-23-20-32,3104,3087,17,1154,880,274,1490,1485,5,4594,4572,22,,
ALL,20421,18565,1856,,2021-04-23-21-34,3104,3087,17,1154,881,273,1490,1485,5,4594,4572,22,,
ALL,20422,18567,1855,,2021-04-23-22-50,3104,3087,17,1154,881,273,1490,1485,5,4594,4572,22,,
ALL,20422,18567,1855,,2021-04-23-23-41,3104,3087,17,1154,881,273,1490,1485,5,4594,4572,22,,
ALL,20211,18648,1563,,2021-04-24-00-38,3104,3087,17,1154,881,273,1490,1485,5,4594,4572,22,,
ALL,20213,18650,1563,,2021-04-24-01-32,3104,3087,17,1154,881,273,1490,1485,5,4594,4572,22,,
ALL,20216,18653,1563,,2021-04-24-02-32,3104,3087,17,1154,881,273,1490,1485,5,4594,4572,22,,
ALL,20216,18636,1580,,2021-04-24-03-32,3104,3086,18,1154,881,273,1490,1485,5,4594,4571,23,,
ALL,20216,18636,1580,,2021-04-24-04-33,3104,3086,18,1154,881,273,1490,1485,5,4594,4571,23,,
ALL,20216,18618,1598,,2021-04-24-05-37,3104,3086,18,1154,881,273,1490,1485,5,4594,4571,23,,
ALL,20215,18630,1585,,2021-04-24-06-56,3104,3087,17,1154,881,273,1490,1481,9,4594,4568,26,,
ALL,20090,18617,1473,,2021-04-24-07-52,3117,3100,17,1154,875,279,1490,1481,9,4607,4581,26,,
ALL,20093,18632,1461,,2021-04-24-08-37,3116,3099,17,1154,875,279,1491,1482,9,4607,4581,26,,
ALL,20072,18589,1483,,2021-04-24-09-33,3116,3098,18,1154,872,282,1491,1482,9,4607,4580,27,,
ALL,19587,17969,1618,,2021-04-24-10-36,3113,3096,17,1154,872,282,1466,1457,9,4579,4553,26,,
ALL,19602,18035,1567,,2021-04-24-11-32,3128,3108,20,1154,872,282,1469,1460,9,4597,4568,29,,
ALL,19815,18065,1750,,2021-04-24-12-36,3128,3108,20,1155,875,280,1469,1460,9,4597,4568,29,,
ALL,19820,18113,1707,,2021-04-24-13-32,3136,3116,20,1149,870,279,1471,1466,5,4607,4582,25,,
ALL,19819,18048,1771,,2021-04-24-14-32,3136,3116,20,1149,870,279,1471,1466,5,4607,4582,25,,
ALL,19822,18058,1764,,2021-04-24-15-32,3136,3116,20,1149,870,279,1471,1466,5,4607,4582,25,,
ALL,19824,18125,1699,,2021-04-24-16-32,3136,3119,17,1149,870,279,1471,1466,5,4607,4585,22,,
ALL,19812,18131,1681,,2021-04-24-17-32,3135,3118,17,1149,869,280,1472,1467,5,4607,4585,22,,
ALL,19816,18193,1623,,2021-04-24-18-39,3135,3124,11,1149,870,279,1472,1471,1,4607,4595,12,,
ALL,19813,18190,1623,,2021-04-24-19-32,3135,3124,11,1149,870,279,1472,1471,1,4607,4595,12,,
ALL,19814,18193,1621,,2021-04-24-20-32,3135,3124,11,1149,870,279,1472,1471,1,4607,4595,12,,
ALL,19811,18177,1634,,2021-04-24-21-34,3135,3124,11,1149,870,279,1472,1471,1,4607,4595,12,,
ALL,19802,18162,1640,,2021-04-24-22-49,3135,3124,11,1149,870,279,1486,1485,1,4621,4609,12,,
ALL,19818,18245,1573,,2021-04-24-23-50,3135,3124,11,1149,870,279,1486,1484,2,4621,4608,13,,
ALL,19802,18229,1573,,2021-04-25-00-37,3135,3124,11,1149,870,279,1486,1485,1,4621,4609,12,,
ALL,19757,18183,1574,,2021-04-25-01-40,3125,3114,11,1149,870,279,1486,1485,1,4611,4599,12,,
ALL,19757,18183,1574,,2021-04-25-02-32,3125,3114,11,1149,870,279,1486,1485,1,4611,4599,12,,
ALL,19757,18183,1574,,2021-04-25-03-42,3125,3114,11,1149,871,278,1486,1485,1,4611,4599,12,,
ALL,19756,18182,1574,,2021-04-25-04-24,3125,3114,11,1149,874,275,1486,1485,1,4611,4599,12,,
ALL,19756,18182,1574,,2021-04-25-04-41,3125,3114,11,1149,874,275,1486,1485,1,4611,4599,12,,
ALL,19756,18182,1574,,2021-04-25-04-43,3125,3114,11,1149,874,275,1486,1485,1,4611,4599,12,,
ALL,19756,18213,1543,,2021-04-25-05-37,3125,3114,11,1149,874,275,1486,1485,1,4611,4599,12,,
ALL,19731,18194,1537,,2021-04-25-06-58,3125,3114,11,1149,874,275,1486,1484,2,4611,4598,13,,
ALL,19731,18183,1548,,2021-04-25-07-55,3126,3114,12,1149,864,285,1486,1484,2,4612,4598,14,,
ALL,19761,18225,1536,,2021-04-25-08-39,3126,3113,13,1149,862,287,1486,1484,2,4612,4597,15,,
ALL,19763,18209,1554,,2021-04-25-09-34,3126,3113,13,1149,862,287,1486,1484,2,4612,4597,15,,
ALL,20333,18748,1585,,2021-04-25-10-37,3123,3110,13,1149,857,292,1525,1523,2,4648,4633,15,,
ALL,20333,18760,1573,,2021-04-25-11-32,3108,3094,14,1149,852,297,1540,1537,3,4648,4631,17,,
ALL,20299,18727,1572,,2021-04-25-12-35,3105,3091,14,1152,855,297,1540,1537,3,4645,4628,17,,
ALL,20299,18741,1558,,2021-04-25-13-32,3105,3092,13,1152,855,297,1540,1538,2,4645,4630,15,,
ALL,20299,18777,1522,,2021-04-25-14-32,3105,3092,13,1152,855,297,1540,1538,2,4645,4630,15,,
ALL,20308,18760,1548,,2021-04-25-15-32,3105,3093,12,1152,855,297,1540,1538,2,4645,4631,14,,
ALL,20309,18756,1553,,2021-04-25-16-32,3105,3093,12,1152,855,297,1540,1538,2,4645,4631,14,,
ALL,20303,18757,1546,,2021-04-25-17-32,3105,3094,11,1152,855,297,1540,1538,2,4645,4632,13,,
ALL,20293,18773,1520,,2021-04-25-18-39,3105,3094,11,1152,857,295,1540,1538,2,4645,4632,13,,
ALL,20293,18775,1518,,2021-04-25-19-32,3105,3094,11,1152,857,295,1540,1538,2,4645,4632,13,,
ALL,20423,18891,1532,,2021-04-25-20-32,3104,3093,11,1152,857,295,1572,1570,2,4676,4663,13,,
ALL,20385,18833,1552,,2021-04-25-21-33,3103,3092,11,1152,857,295,1572,1570,2,4675,4662,13,,
ALL,20388,18838,1550,,2021-04-25-22-49,3103,3092,11,1152,857,295,1572,1570,2,4675,4662,13,,
ALL,20388,18848,1540,,2021-04-25-23-41,3103,3092,11,1152,857,295,1572,1570,2,4675,4662,13,,
ALL,20388,18850,1538,,2021-04-26-00-37,3106,3095,11,1152,857,295,1572,1570,2,4678,4665,13,,
ALL,20388,18850,1538,,2021-04-26-01-32,3106,3095,11,1152,857,295,1572,1570,2,4678,4665,13,,
ALL,20388,18817,1571,,2021-04-26-02-32,3106,3095,11,1152,857,295,1572,1570,2,4678,4665,13,,
ALL,20388,18817,1571,,2021-04-26-03-32,3106,3095,11,1152,857,295,1572,1570,2,4678,4665,13,,
ALL,20388,18817,1571,,2021-04-26-04-32,3106,3095,11,1152,857,295,1572,1570,2,4678,4665,13,,
ALL,20388,18817,1571,,2021-04-26-05-37,3106,3095,11,1152,853,299,1572,1570,2,4678,4665,13,,
ALL,20388,18818,1570,,2021-04-26-06-56,3106,3095,11,1152,853,299,1572,1571,1,4678,4666,12,,
ALL,20401,18822,1579,,2021-04-26-07-55,3103,3092,11,1152,862,290,1575,1574,1,4678,4666,12,,
ALL,20457,18862,1595,,2021-04-26-08-39,3103,3092,11,1152,860,292,1575,1574,1,4678,4666,12,,
ALL,20462,18858,1604,,2021-04-26-09-35,3109,3098,11,1150,857,293,1575,1574,1,4684,4672,12,,
ALL,20487,18809,1678,,2021-04-26-10-37,3100,3089,11,1150,856,294,1584,1583,1,4684,4672,12,,
ALL,20385,18788,1597,,2021-04-26-11-32,3101,3090,11,1150,854,296,1584,1583,1,4685,4673,12,,
ALL,20380,18782,1598,,2021-04-26-12-36,3088,3077,11,1150,854,296,1584,1583,1,4672,4660,12,,
ALL,20383,18771,1612,,2021-04-26-13-32,3088,3077,11,1150,854,296,1584,1583,1,4672,4660,12,,
ALL,20373,18795,1578,,2021-04-26-14-32,3088,3077,11,1150,854,296,1584,1583,1,4672,4660,12,,
ALL,20353,18773,1580,,2021-04-26-15-32,3088,3077,11,1150,853,297,1584,1583,1,4672,4660,12,,
ALL,20365,18758,1607,,2021-04-26-16-32,3088,3077,11,1150,849,301,1584,1583,1,4672,4660,12,,
ALL,20347,18721,1626,,2021-04-26-17-33,3090,3079,11,1150,854,296,1584,1583,1,4674,4662,12,,
ALL,20402,18661,1741,,2021-04-26-18-40,3090,3079,11,1150,853,297,1584,1582,2,4674,4661,13,,
ALL,20405,18675,1730,,2021-04-26-19-32,3090,3079,11,1150,849,301,1584,1583,1,4674,4662,12,,
ALL,20403,18685,1718,,2021-04-26-20-32,3089,3078,11,1150,849,301,1584,1583,1,4673,4661,12,,
ALL,20461,18733,1728,,2021-04-26-21-34,3089,3078,11,1150,853,297,1616,1615,1,4705,4693,12,,
ALL,20461,18739,1722,,2021-04-26-22-49,3089,3078,11,1150,853,297,1616,1615,1,4705,4693,12,,
ALL,20461,18747,1714,,2021-04-26-23-41,3089,3078,11,1150,853,297,1616,1615,1,4705,4693,12,,
ALL,20461,18747,1714,,2021-04-27-00-37,3089,3078,11,1150,852,298,1616,1615,1,4705,4693,12,,
ALL,20461,18744,1717,,2021-04-27-01-32,3089,3078,11,1150,853,297,1616,1615,1,4705,4693,12,,
ALL,20461,18746,1715,,2021-04-27-02-32,3089,3078,11,1150,853,297,1616,1615,1,4705,4693,12,,
ALL,20461,18726,1735,,2021-04-27-03-32,3089,3078,11,1150,853,297,1616,1615,1,4705,4693,12,,
ALL,20461,18725,1736,,2021-04-27-04-32,3089,3078,11,1150,853,297,1616,1615,1,4705,4693,12,,
ALL,20472,18745,1727,,2021-04-27-05-36,3089,3078,11,1148,856,292,1616,1615,1,4705,4693,12,,
ALL,20500,18773,1727,,2021-04-27-06-55,3089,3078,11,1148,856,292,1616,1615,1,4705,4693,12,,
ALL,20497,18756,1741,,2021-04-27-07-51,3087,3076,11,1148,855,293,1616,1615,1,4703,4691,12,,
ALL,20562,18798,1764,,2021-04-27-08-36,3099,3088,11,1138,856,282,1618,1617,1,4717,4705,12,,
ALL,20566,18833,1733,,2021-04-27-09-32,3097,3086,11,1138,854,284,1618,1614,4,4715,4700,15,,
ALL,20612,18800,1812,,2021-04-27-10-35,3110,3099,11,1133,847,286,1620,1616,4,4730,4715,15,,
ALL,20678,18818,1860,,2021-04-27-11-32,3115,3104,11,1133,847,286,1618,1616,2,4733,4720,13,,
ALL,20722,18915,1807,,2021-04-27-12-35,3115,3103,12,1133,848,285,1618,1616,2,4733,4719,14,,
ALL,20721,18914,1807,,2021-04-27-13-32,3115,3103,12,1133,848,285,1618,1616,2,4733,4719,14,,
ALL,20755,18965,1790,,2021-04-27-14-32,3119,3107,12,1133,848,285,1618,1616,2,4737,4723,14,,
ALL,20819,19039,1780,,2021-04-27-15-32,3121,3109,12,1133,848,285,1619,1617,2,4740,4726,14,,
ALL,20825,19048,1777,,2021-04-27-16-32,3121,3109,12,1133,847,286,1619,1617,2,4740,4726,14,,
ALL,20741,19021,1720,,2021-04-27-17-33,3120,3108,12,1133,847,286,1620,1619,1,4740,4727,13,,
ALL,20754,19034,1720,,2021-04-27-18-39,3120,3108,12,1133,846,287,1620,1619,1,4740,4727,13,,
ALL,20754,19041,1713,,2021-04-27-19-32,3121,3109,12,1133,846,287,1620,1619,1,4741,4728,13,,
ALL,20751,19041,1710,,2021-04-27-20-32,3121,3109,12,1133,846,287,1620,1619,1,4741,4728,13,,
ALL,20751,19040,1711,,2021-04-27-21-43,3122,3110,12,1133,846,287,1620,1619,1,4742,4729,13,,
ALL,20751,19041,1710,,2021-04-27-22-50,3122,3110,12,1133,846,287,1620,1619,1,4742,4729,13,,
ALL,20751,19041,1710,,2021-04-27-23-51,3122,3110,12,1133,846,287,1620,1619,1,4742,4729,13,,
ALL,20751,19041,1710,,2021-04-28-00-47,3122,3110,12,1133,846,287,1620,1619,1,4742,4729,13,,
ALL,20751,19025,1726,,2021-04-28-01-42,3122,3103,19,1133,846,287,1620,1619,1,4742,4722,20,,
ALL,20751,19027,1724,,2021-04-28-02-40,3122,3103,19,1133,846,287,1620,1619,1,4742,4722,20,,
ALL,20751,19027,1724,,2021-04-28-03-32,3122,3103,19,1133,846,287,1620,1619,1,4742,4722,20,,
ALL,20751,19015,1736,,2021-04-28-04-42,3122,3104,18,1133,843,290,1620,1619,1,4742,4723,19,,
ALL,20751,19014,1737,,2021-04-28-05-46,3122,3104,18,1133,843,290,1620,1619,1,4742,4723,19,,
ALL,20803,19095,1708,,2021-04-28-07-05,3134,3116,18,1133,843,290,1621,1620,1,4755,4736,19,,
ALL,20815,19137,1678,,2021-04-28-08-02,3134,3116,18,1136,840,296,1621,1620,1,4755,4736,19,,
ALL,20819,19169,1650,,2021-04-28-08-37,3134,3116,18,1136,838,298,1621,1620,1,4755,4736,19,,
ALL,20819,19153,1666,,2021-04-28-09-33,3134,3115,19,1136,839,297,1621,1620,1,4755,4735,20,,
ALL,20851,19066,1785,,2021-04-28-10-36,3135,3119,16,1136,839,297,1621,1616,5,4756,4735,21,,
ALL,20926,19242,1684,,2021-04-28-12-35,3135,3117,18,1136,822,314,1628,1623,5,4763,4740,23,,
ALL,20942,19241,1701,,2021-04-28-13-32,3132,3116,16,1136,822,314,1631,1626,5,4763,4742,21,,
ALL,20942,19276,1666,,2021-04-28-14-32,3132,3116,16,1136,822,314,1631,1626,5,4763,4742,21,,
ALL,20932,19291,1641,,2021-04-28-15-42,3117,3101,16,1136,834,302,1657,1652,5,4774,4753,21,,
ALL,20970,19330,1640,,2021-04-28-16-41,3118,3102,16,1136,838,298,1656,1651,5,4774,4753,21,,
ALL,20961,19290,1671,,2021-04-28-17-33,3127,3111,16,1133,839,294,1664,1659,5,4791,4770,21,,
ALL,20986,19309,1677,,2021-04-28-18-40,3128,3111,17,1133,839,294,1666,1659,7,4794,4770,24,,
ALL,21012,19360,1652,,2021-04-28-19-32,3128,3117,11,1133,839,294,1669,1662,7,4797,4779,18,,
ALL,21000,19364,1636,,2021-04-28-20-32,3127,3116,11,1133,839,294,1669,1662,7,4796,4778,18,,
ALL,21008,19372,1636,,2021-04-28-21-34,3136,3125,11,1120,826,294,1673,1666,7,4809,4791,18,,
ALL,21021,19386,1635,,2021-04-28-22-50,3141,3130,11,1115,826,289,1673,1666,7,4814,4796,18,,
ALL,21021,19386,1635,,2021-04-28-23-41,3141,3130,11,1115,826,289,1673,1666,7,4814,4796,18,,
ALL,21023,19388,1635,,2021-04-29-00-37,3141,3130,11,1115,826,289,1673,1666,7,4814,4796,18,,
ALL,21043,19401,1642,,2021-04-29-01-32,3146,3135,11,1115,826,289,1675,1668,7,4821,4803,18,,
ALL,21043,19401,1642,,2021-04-29-02-32,3146,3135,11,1115,826,289,1675,1668,7,4821,4803,18,,
ALL,21043,19370,1673,,2021-04-29-03-32,3146,3135,11,1115,826,289,1675,1668,7,4821,4803,18,,
ALL,21043,19370,1673,,2021-04-29-04-32,3146,3135,11,1115,826,289,1675,1668,7,4821,4803,18,,
ALL,21043,19375,1668,,2021-04-29-05-37,3146,3135,11,1115,826,289,1675,1668,7,4821,4803,18,,
ALL,21042,19389,1653,,2021-04-29-06-55,3146,3135,11,1115,826,289,1675,1667,8,4821,4802,19,,
ALL,21130,19462,1668,,2021-04-29-07-51,3146,3140,6,1116,830,286,1713,1705,8,4859,4845,14,,
ALL,21138,19448,1690,,2021-04-29-08-34,3146,3140,6,1116,823,293,1720,1712,8,4866,4852,14,,
ALL,21138,19484,1654,,2021-04-29-09-32,3146,3140,6,1116,823,293,1720,1712,8,4866,4852,14,,
ALL,21152,19525,1627,,2021-04-29-10-34,3149,3141,8,1116,822,294,1725,1717,8,4874,4858,16,,
ALL,21014,19497,1517,,2021-04-29-11-32,3155,3149,6,1110,822,288,1725,1717,8,4880,4866,14,,
ALL,20747,19449,1298,,2021-04-29-12-34,3171,3162,9,1109,820,289,1725,1717,8,4896,4879,17,,
ALL,20770,19440,1330,,2021-04-29-13-32,3172,3163,9,1109,820,289,1724,1716,8,4896,4879,17,,
ALL,20819,19500,1319,,2021-04-29-14-32,3180,3171,9,1113,822,291,1723,1715,8,4903,4886,17,,
ALL,20750,19429,1321,,2021-04-29-15-32,3180,3173,7,1113,820,293,1723,1719,4,4903,4892,11,,
ALL,20785,19486,1299,,2021-04-29-16-32,3192,3185,7,1113,818,295,1723,1719,4,4915,4904,11,,
ALL,20749,19493,1256,,2021-04-29-17-32,3192,3185,7,1125,829,296,1724,1720,4,4916,4905,11,,
ALL,20725,19502,1223,,2021-04-29-18-39,3183,3176,7,1125,824,301,1724,1720,4,4907,4896,11,,
ALL,20877,19658,1219,,2021-04-29-19-32,3209,3202,7,1113,812,301,1724,1720,4,4933,4922,11,,
ALL,20870,19648,1222,,2021-04-29-20-32,3209,3202,7,1113,812,301,1724,1720,4,4933,4922,11,,
ALL,20870,19662,1208,,2021-04-29-21-33,3209,3202,7,1113,813,300,1724,1720,4,4933,4922,11,,
ALL,20870,19745,1125,,2021-04-29-22-47,3209,3202,7,1113,813,300,1724,1720,4,4933,4922,11,,
ALL,20870,19745,1125,,2021-04-29-23-40,3209,3202,7,1113,813,300,1724,1720,4,4933,4922,11,,
ALL,20870,19746,1124,,2021-04-30-00-36,3209,3202,7,1113,813,300,1724,1720,4,4933,4922,11,,
ALL,20870,19745,1125,,2021-04-30-01-32,3209,3202,7,1113,813,300,1724,1720,4,4933,4922,11,,
ALL,20870,19743,1127,,2021-04-30-02-32,3209,3202,7,1113,812,301,1724,1720,4,4933,4922,11,,
ALL,20870,19739,1131,,2021-04-30-03-32,3209,3202,7,1113,812,301,1724,1720,4,4933,4922,11,,
ALL,20870,19739,1131,,2021-04-30-04-31,3209,3202,7,1113,812,301,1724,1720,4,4933,4922,11,,
ALL,20870,19738,1132,,2021-04-30-05-33,3209,3202,7,1113,812,301,1724,1720,4,4933,4922,11,,
ALL,20872,19731,1141,,2021-04-30-06-55,3209,3202,7,1113,812,301,1724,1721,3,4933,4923,10,,
ALL,20917,19782,1135,,2021-04-30-07-51,3211,3204,7,1098,806,292,1726,1723,3,4937,4927,10,,
ALL,20916,19784,1132,,2021-04-30-08-36,3207,3200,7,1098,805,293,1726,1723,3,4933,4923,10,,
ALL,20951,19814,1137,,2021-04-30-09-32,3204,3197,7,1098,812,286,1731,1728,3,4935,4925,10,,
ALL,20938,19739,1199,,2021-04-30-10-35,3207,3200,7,1098,812,286,1731,1728,3,4938,4928,10,,
ALL,20952,19761,1191,,2021-04-30-11-32,3207,3200,7,1098,812,286,1731,1728,3,4938,4928,10,,
ALL,21041,19801,1240,,2021-04-30-12-34,3209,3202,7,1098,812,286,1735,1732,3,4944,4934,10,,
ALL,21042,19850,1192,,2021-04-30-13-32,3209,3201,8,1098,812,286,1735,1732,3,4944,4933,11,,
ALL,21083,19858,1225,,2021-04-30-14-32,3232,3203,29,1098,812,286,1738,1731,7,4970,4934,36,,
ALL,21083,19876,1207,,2021-04-30-15-31,3240,3210,30,1098,812,286,1735,1732,3,4975,4942,33,,
ALL,21084,19871,1213,,2021-04-30-16-32,3260,3230,30,1098,814,284,1735,1732,3,4995,4962,33,,
ALL,21102,19885,1217,,2021-04-30-17-32,3271,3239,32,1098,816,282,1736,1733,3,5007,4972,35,,
ALL,21178,19885,1293,,2021-04-30-18-38,3286,3246,40,1098,817,281,1737,1733,4,5023,4979,44,,
ALL,21199,19901,1298,,2021-04-30-19-32,3294,3254,40,1100,820,280,1738,1734,4,5032,4988,44,,
ALL,21209,19901,1308,,2021-04-30-20-32,3294,3254,40,1100,820,280,1738,1734,4,5032,4988,44,,
ALL,21206,19898,1308,,2021-04-30-21-33,3294,3254,40,1100,820,280,1738,1734,4,5032,4988,44,,
ALL,21156,19855,1301,,2021-04-30-22-47,3282,3242,40,1100,820,280,1738,1734,4,5020,4976,44,,
ALL,21156,19855,1301,,2021-04-30-23-39,3282,3242,40,1100,820,280,1738,1734,4,5020,4976,44,,
ALL,21156,19855,1301,,2021-05-01-00-35,3282,3242,40,1100,820,280,1738,1734,4,5020,4976,44,,
ALL,21156,19891,1265,,2021-05-01-01-32,3282,3230,52,1100,820,280,1738,1734,4,5020,4964,56,,
ALL,21110,19891,1219,,2021-05-01-02-32,3246,3230,16,1100,820,280,1736,1734,2,4982,4964,18,,
ALL,21110,19901,1209,,2021-05-01-03-31,3246,3230,16,1100,820,280,1736,1734,2,4982,4964,18,,
ALL,21110,19903,1207,,2021-05-01-04-32,3246,3230,16,1100,820,280,1736,1734,2,4982,4964,18,,
ALL,21110,19905,1205,,2021-05-01-05-34,3246,3230,16,1100,820,280,1736,1734,2,4982,4964,18,,
ALL,21110,19899,1211,,2021-05-01-06-56,3246,3230,16,1100,820,280,1736,1733,3,4982,4963,19,,
ALL,21115,19906,1209,,2021-05-01-07-54,3246,3230,16,1100,820,280,1736,1733,3,4982,4963,19,,
ALL,21119,19886,1233,,2021-05-01-08-36,3246,3230,16,1100,816,284,1736,1733,3,4982,4963,19,,
ALL,21124,19857,1267,,2021-05-01-09-32,3245,3229,16,1100,816,284,1736,1730,6,4981,4959,22,,
ALL,21235,19940,1295,,2021-05-01-10-35,3278,3260,18,1102,820,282,1736,1733,3,5014,4993,21,,
ALL,21290,19973,1317,,2021-05-01-11-32,3293,3274,19,1102,821,281,1741,1738,3,5034,5012,22,,
ALL,21347,19977,1370,,2021-05-01-12-34,3293,3277,16,1102,821,281,1741,1738,3,5034,5015,19,,
ALL,21405,20009,1396,,2021-05-01-13-32,3337,3283,54,1102,823,279,1745,1740,5,5082,5023,59,,
ALL,21468,20119,1349,,2021-05-01-14-31,3343,3287,56,1105,823,282,1750,1745,5,5093,5032,61,,
ALL,21479,20145,1334,,2021-05-01-15-32,3343,3287,56,1104,822,282,1750,1745,5,5093,5032,61,,
ALL,21478,20161,1317,,2021-05-01-16-32,3352,3296,56,1092,811,281,1754,1749,5,5106,5045,61,,
ALL,21463,20137,1326,,2021-05-01-17-32,3352,3296,56,1092,812,280,1754,1749,5,5106,5045,61,,
ALL,21483,20130,1353,,2021-05-01-18-39,3355,3296,59,1092,812,280,1754,1749,5,5109,5045,64,,
ALL,21483,20123,1360,,2021-05-01-19-32,3355,3293,62,1092,812,280,1754,1749,5,5109,5042,67,,
ALL,21483,20099,1384,,2021-05-01-20-31,3355,3293,62,1092,812,280,1754,1749,5,5109,5042,67,,
ALL,21428,20102,1326,,2021-05-01-21-32,3316,3295,21,1092,812,280,1750,1747,3,5066,5042,24,,
ALL,21428,20095,1333,,2021-05-01-22-47,3316,3303,13,1092,812,280,1750,1748,2,5066,5051,15,,
ALL,21428,20095,1333,,2021-05-01-23-39,3316,3303,13,1092,811,281,1750,1748,2,5066,5051,15,,
ALL,21428,20088,1340,,2021-05-02-00-35,3316,3303,13,1092,811,281,1750,1748,2,5066,5051,15,,
ALL,21428,20087,1341,,2021-05-02-01-32,3316,3303,13,1092,811,281,1750,1748,2,5066,5051,15,,
ALL,21428,20090,1338,,2021-05-02-02-32,3316,3303,13,1092,811,281,1750,1748,2,5066,5051,15,,
ALL,21428,20090,1338,,2021-05-02-03-32,3316,3303,13,1092,811,281,1750,1748,2,5066,5051,15,,
ALL,21424,20086,1338,,2021-05-02-04-32,3316,3303,13,1092,811,281,1750,1748,2,5066,5051,15,,
ALL,21424,20086,1338,,2021-05-02-05-35,3316,3303,13,1092,811,281,1750,1748,2,5066,5051,15,,
ALL,21424,20081,1343,,2021-05-02-06-58,3316,3303,13,1092,811,281,1750,1747,3,5066,5050,16,,
ALL,21368,20065,1303,,2021-05-02-07-55,3316,3303,13,1092,806,286,1750,1747,3,5066,5050,16,,
ALL,21442,20115,1327,,2021-05-02-08-39,3336,3323,13,1092,806,286,1770,1767,3,5106,5090,16,,
ALL,21479,20144,1335,,2021-05-02-09-34,3347,3331,16,1092,805,287,1767,1764,3,5114,5095,19,,
ALL,21480,20122,1358,,2021-05-02-10-36,3354,3336,18,1092,805,287,1769,1766,3,5123,5102,21,,
ALL,21398,20059,1339,,2021-05-02-11-32,3363,3349,14,1086,799,287,1766,1763,3,5129,5112,17,,
ALL,21391,20110,1281,,2021-05-02-12-35,3462,3447,15,1086,798,288,1786,1783,3,5248,5230,18,,
ALL,21414,20177,1237,,2021-05-02-13-32,3462,3447,15,1086,798,288,1786,1782,4,5248,5229,19,,
ALL,21466,20200,1266,,2021-05-02-14-31,3449,3435,14,1086,799,287,1786,1782,4,5235,5217,18,,
ALL,21488,20200,1288,,2021-05-02-15-32,3476,3463,13,1086,799,287,1788,1785,3,5264,5248,16,,
ALL,21493,20209,1284,,2021-05-02-16-31,3477,3464,13,1086,799,287,1788,1785,3,5265,5249,16,,
ALL,21485,20201,1284,,2021-05-02-17-32,3479,3466,13,1086,811,275,1788,1785,3,5267,5251,16,,
ALL,21437,20161,1276,,2021-05-02-18-38,3483,3466,17,1086,811,275,1788,1785,3,5271,5251,20,,
ALL,21446,20174,1272,,2021-05-02-19-32,3366,3349,17,1086,811,275,1788,1785,3,5154,5134,20,,
ALL,21446,20167,1279,,2021-05-02-20-32,3366,3349,17,1086,811,275,1788,1785,3,5154,5134,20,,
ALL,21446,20175,1271,,2021-05-02-21-33,3366,3349,17,1086,811,275,1788,1785,3,5154,5134,20,,
ALL,21449,20171,1278,,2021-05-02-22-46,3366,3349,17,1086,811,275,1788,1785,3,5154,5134,20,,
ALL,21449,20172,1277,,2021-05-02-23-37,3366,3349,17,1086,811,275,1788,1785,3,5154,5134,20,,
ALL,21420,20142,1278,,2021-05-03-00-35,3366,3349,17,1086,811,275,1788,1785,3,5154,5134,20,,
ALL,21420,20147,1273,,2021-05-03-01-32,3366,3353,13,1086,811,275,1788,1785,3,5154,5138,16,,
ALL,21422,20149,1273,,2021-05-03-02-32,3366,3353,13,1086,811,275,1788,1785,3,5154,5138,16,,
ALL,21422,20149,1273,,2021-05-03-03-32,3366,3353,13,1086,811,275,1788,1785,3,5154,5138,16,,
ALL,21422,20149,1273,,2021-05-03-04-32,3366,3353,13,1086,811,275,1788,1785,3,5154,5138,16,,
ALL,21425,20152,1273,,2021-05-03-05-35,3366,3353,13,1086,811,275,1788,1785,3,5154,5138,16,,
ALL,21443,20172,1271,,2021-05-03-06-56,3366,3353,13,1086,811,275,1788,1788,0,5154,5141,13,,
ALL,21441,20177,1264,,2021-05-03-07-53,3366,3353,13,1086,806,280,1788,1788,0,5154,5141,13,,
ALL,21396,20107,1289,,2021-05-03-08-38,3366,3345,21,1086,806,280,1788,1788,0,5154,5133,21,,
ALL,21376,20092,1284,,2021-05-03-09-33,3369,3348,21,1086,800,286,1787,1787,0,5156,5135,21,,
ALL,21477,20148,1329,,2021-05-03-10-36,3370,3349,21,1084,798,286,1787,1787,0,5157,5136,21,,
ALL,21499,20146,1353,,2021-05-03-11-32,3376,3356,20,1084,798,286,1791,1791,0,5167,5147,20,,
ALL,21478,20084,1394,,2021-05-03-12-35,3366,3346,20,1084,798,286,1791,1791,0,5157,5137,20,,
ALL,21464,20089,1375,,2021-05-03-13-32,3351,3327,24,1066,787,279,1800,1798,2,5151,5125,26,,
ALL,21473,20083,1390,,2021-05-03-14-32,3354,3330,24,1066,785,281,1799,1797,2,5153,5127,26,,
ALL,21473,20097,1376,,2021-05-03-15-32,3354,3330,24,1066,785,281,1799,1797,2,5153,5127,26,,
ALL,21474,20097,1377,,2021-05-03-16-32,3471,3448,23,1066,785,281,1799,1797,2,5270,5245,25,,
ALL,21475,20126,1349,,2021-05-03-17-32,3470,3448,22,1066,787,279,1799,1797,2,5269,5245,24,,
ALL,21421,20077,1344,,2021-05-03-18-39,3348,3325,23,1066,787,279,1802,1800,2,5150,5125,25,,
ALL,21395,20062,1333,,2021-05-03-19-32,3342,3317,25,1071,787,284,1805,1803,2,5147,5120,27,,
ALL,21395,20045,1350,,2021-05-03-20-32,3342,3317,25,1071,788,283,1805,1803,2,5147,5120,27,,
ALL,21395,20043,1352,,2021-05-03-21-33,3342,3319,23,1071,788,283,1805,1805,0,5147,5124,23,,
ALL,21396,20045,1351,,2021-05-03-22-48,3343,3320,23,1071,788,283,1805,1805,0,5148,5125,23,,
ALL,21396,20045,1351,,2021-05-03-23-38,3343,3320,23,1071,788,283,1805,1805,0,5148,5125,23,,
ALL,21396,20045,1351,,2021-05-04-00-42,3343,3320,23,1071,788,283,1805,1805,0,5148,5125,23,,
ALL,21396,20038,1358,,2021-05-04-01-38,3343,3320,23,1071,787,284,1805,1805,0,5148,5125,23,,
ALL,21396,20021,1375,,2021-05-04-02-37,3343,3320,23,1071,787,284,1805,1805,0,5148,5125,23,,
ALL,21396,20021,1375,,2021-05-04-03-39,3343,3320,23,1071,787,284,1805,1805,0,5148,5125,23,,
ALL,21384,20009,1375,,2021-05-04-04-37,3343,3320,23,1071,794,277,1805,1805,0,5148,5125,23,,
ALL,21384,20004,1380,,2021-05-04-05-55,3343,3320,23,1071,794,277,1805,1803,2,5148,5123,25,,
ALL,21395,19984,1411,,2021-05-04-07-29,3343,3303,40,1071,793,278,1805,1803,2,5148,5106,42,,
ALL,21395,19985,1410,,2021-05-04-08-15,3368,3328,40,1071,789,282,1805,1803,2,5173,5131,42,,
ALL,21386,19962,1424,,2021-05-04-08-43,3368,3328,40,1071,790,281,1805,1803,2,5173,5131,42,,
ALL,21380,19883,1497,,2021-05-04-09-39,3369,3329,40,1071,790,281,1805,1803,2,5174,5132,42,,
ALL,21314,19856,1458,,2021-05-04-10-41,3371,3331,40,1069,789,280,1805,1803,2,5176,5134,42,,
ALL,21276,19887,1389,,2021-05-04-11-39,3338,3298,40,1069,789,280,1804,1802,2,5142,5100,42,,
ALL,21281,19854,1427,,2021-05-04-12-40,3335,3295,40,1069,789,280,1807,1805,2,5142,5100,42,,
ALL,21447,19944,1503,,2021-05-04-13-38,3391,3337,54,1069,793,276,1809,1807,2,5200,5144,56,,
ALL,21549,20031,1518,,2021-05-04-14-37,3392,3338,54,1069,793,276,1809,1807,2,5201,5145,56,,
ALL,21549,20036,1513,,2021-05-04-15-38,3409,3358,51,1069,793,276,1814,1812,2,5223,5170,53,,
ALL,21549,20047,1502,,2021-05-04-16-37,3411,3360,51,1069,786,283,1814,1812,2,5225,5172,53,,
ALL,21555,20102,1453,,2021-05-04-17-39,3417,3365,52,1069,782,287,1814,1811,3,5231,5176,55,,
ALL,21556,20091,1465,,2021-05-04-18-46,3418,3371,47,1069,781,288,1814,1810,4,5232,5181,51,,
ALL,21556,20098,1458,,2021-05-04-19-37,3418,3371,47,1069,781,288,1814,1810,4,5232,5181,51,,
ALL,21541,20132,1409,,2021-05-04-20-37,3421,3374,47,1069,781,288,1814,1810,4,5235,5184,51,,
ALL,21541,20136,1405,,2021-05-04-21-40,3421,3374,47,1069,781,288,1814,1810,4,5235,5184,51,,
ALL,21541,20146,1395,,2021-05-04-22-58,3421,3374,47,1062,782,280,1814,1810,4,5235,5184,51,,
ALL,21541,20140,1401,,2021-05-04-23-41,3421,3374,47,1062,782,280,1814,1810,4,5235,5184,51,,
ALL,21541,20140,1401,,2021-05-05-00-38,3420,3373,47,1062,782,280,1815,1811,4,5235,5184,51,,
ALL,21538,20139,1399,,2021-05-05-01-37,3420,3373,47,1062,782,280,1815,1811,4,5235,5184,51,,
ALL,21538,20122,1416,,2021-05-05-02-36,3420,3373,47,1062,782,280,1815,1811,4,5235,5184,51,,
ALL,21538,20122,1416,,2021-05-05-03-39,3420,3373,47,1062,782,280,1815,1811,4,5235,5184,51,,
ALL,21538,20126,1412,,2021-05-05-04-37,3420,3373,47,1062,782,280,1815,1811,4,5235,5184,51,,
ALL,21538,20127,1411,,2021-05-05-05-49,3420,3373,47,1062,782,280,1815,1811,4,5235,5184,51,,
ALL,21538,20124,1414,,2021-05-05-07-24,3420,3373,47,1062,782,280,1815,1812,3,5235,5185,50,,
ALL,21538,20112,1426,,2021-05-05-08-03,3420,3373,47,1062,785,277,1815,1812,3,5235,5185,50,,
ALL,21528,20104,1424,,2021-05-05-08-41,3420,3373,47,1062,785,277,1815,1812,3,5235,5185,50,,
ALL,21528,20039,1489,,2021-05-05-09-38,3421,3373,48,1062,783,279,1815,1812,3,5236,5185,51,,
ALL,21544,19905,1639,,2021-05-05-10-40,3424,3376,48,1062,784,278,1814,1811,3,5238,5187,51,,
ALL,21569,20033,1536,,2021-05-05-11-38,3429,3382,47,1058,792,266,1814,1812,2,5243,5194,49,,
ALL,21568,20003,1565,,2021-05-05-12-41,3433,3387,46,1058,793,265,1814,1812,2,5247,5199,48,,
ALL,21588,20013,1575,,2021-05-05-13-38,3451,3403,48,1051,802,249,1814,1812,2,5265,5215,50,,
ALL,21648,20084,1564,,2021-05-05-14-36,3451,3403,48,1063,812,251,1814,1812,2,5265,5215,50,,
ALL,21637,20079,1558,,2021-05-05-15-37,3451,3406,45,1063,812,251,1814,1812,2,5265,5218,47,,
ALL,21729,20151,1578,,2021-05-05-16-36,3499,3437,62,1050,806,244,1834,1832,2,5333,5269,64,,
ALL,21831,20227,1604,,2021-05-05-17-39,3516,3473,43,1050,803,247,1834,1832,2,5350,5305,45,,
ALL,21815,20194,1621,,2021-05-05-18-49,3514,3471,43,1048,800,248,1834,1832,2,5348,5303,45,,
ALL,21805,20240,1565,,2021-05-05-19-37,3514,3471,43,1048,800,248,1834,1832,2,5348,5303,45,,
ALL,21805,20222,1583,,2021-05-05-20-37,3514,3471,43,1048,800,248,1834,1832,2,5348,5303,45,,
ALL,21805,20224,1581,,2021-05-05-21-42,3514,3471,43,1048,800,248,1834,1832,2,5348,5303,45,,
ALL,21805,20233,1572,,2021-05-05-23-04,3514,3471,43,1048,800,248,1834,1832,2,5348,5303,45,,
ALL,21805,20238,1567,,2021-05-05-23-43,3514,3471,43,1048,800,248,1834,1832,2,5348,5303,45,,
ALL,21805,20229,1576,,2021-05-06-02-34,3514,3471,43,1048,801,247,1834,1832,2,5348,5303,45,,
ALL,21803,20236,1567,,2021-05-06-05-44,3514,3471,43,1048,795,253,1834,1832,2,5348,5303,45,,
ALL,21842,20214,1628,,2021-05-06-08-40,3517,3474,43,1048,801,247,1838,1833,5,5355,5307,48,,
ALL,21899,20154,1745,,2021-05-06-11-36,3528,3498,30,1054,803,251,1855,1851,4,5383,5349,34,,
ALL,22020,20362,1658,,2021-05-06-14-35,3532,3505,27,1060,804,256,1855,1851,4,5387,5356,31,,
ALL,22080,20412,1668,,2021-05-06-17-37,3544,3519,25,1060,803,257,1856,1852,4,5400,5371,29,,
ALL,22071,20273,1798,,2021-05-06-20-35,3661,3640,21,1060,803,257,1906,1903,3,5567,5543,24,,
ALL,22058,20300,1758,,2021-05-06-23-43,3663,3642,21,1060,804,256,1906,1903,3,5569,5545,24,,
ALL,22054,20301,1753,,2021-05-07-02-34,3663,3642,21,1060,804,256,1906,1903,3,5569,5545,24,,
ALL,22054,20265,1789,,2021-05-07-05-45,3663,3642,21,1060,804,256,1906,1903,3,5569,5545,24,,
ALL,22031,20185,1846,,2021-05-07-08-42,3644,3619,25,1060,801,259,1913,1910,3,5557,5529,28,,
ALL,22076,19911,2165,,2021-05-07-11-36,3653,3624,29,1042,786,256,1913,1910,3,5566,5534,32,,
ALL,22085,19912,2173,,2021-05-07-14-35,3661,3629,32,1042,791,251,1919,1915,4,5580,5544,36,,
ALL,22124,19898,2226,,2021-05-07-17-37,3663,3625,38,1043,801,242,1919,1915,4,5582,5540,42,,
ALL,22185,19947,2238,,2021-05-07-20-35,3688,3648,40,1043,801,242,1924,1919,5,5612,5567,45,,
ALL,22217,19989,2228,,2021-05-07-23-43,3680,3650,30,1043,801,242,1932,1927,5,5612,5577,35,,
ALL,22217,20000,2217,,2021-05-08-02-35,3681,3650,31,1043,801,242,1931,1927,4,5612,5577,35,,
ALL,22226,20035,2191,,2021-05-08-05-45,3681,3650,31,1043,801,242,1931,1927,4,5612,5577,35,,
ALL,22226,20034,2192,,2021-05-08-06-08,3681,3650,31,1043,801,242,1931,1925,6,5612,5575,37,,
ALL,22226,20052,2174,,2021-05-08-06-16,3681,3650,31,1043,804,239,1931,1925,6,5612,5575,37,,
ALL,22261,20023,2238,,2021-05-08-08-41,3692,3654,38,1043,803,240,1933,1927,6,5625,5581,44,,
ALL,22306,19850,2456,,2021-05-08-11-36,3690,3661,29,1043,805,238,1939,1931,8,5629,5592,37,,
ALL,22359,19921,2438,,2021-05-08-14-35,3717,3688,29,1025,795,230,1947,1939,8,5664,5627,37,,
ALL,22395,19970,2425,,2021-05-08-17-42,3676,3649,27,1328,1135,193,1979,1971,8,5655,5620,35,,
ALL,22433,20047,2386,,2021-05-08-20-35,3683,3647,36,1331,1133,198,1978,1972,6,5661,5619,42,,
ALL,22455,20049,2406,,2021-05-08-23-41,3683,3644,39,1351,1149,202,1978,1972,6,5661,5616,45,,
ALL,22475,20058,2417,,2021-05-09-02-34,3683,3646,37,1351,1153,198,1978,1972,6,5661,5618,43,,
ALL,22475,20044,2431,,2021-05-09-05-47,3683,3646,37,1351,1153,198,1978,1972,6,5661,5618,43,,
ALL,22496,19954,2542,,2021-05-09-08-41,3679,3644,35,1019,806,213,1978,1971,7,5657,5615,42,,
ALL,22524,19922,2602,,2021-05-09-11-36,3676,3645,31,1026,807,219,1993,1987,6,5669,5632,37,,
ALL,22561,19984,2577,,2021-05-09-14-35,3690,3666,24,1033,777,256,1995,1988,7,5685,5654,31,,
ALL,22591,19883,2708,,2021-05-09-17-37,3748,3719,29,1035,781,254,2049,2043,6,5797,5762,35,,
ALL,22610,19931,2679,,2021-05-09-20-35,3755,3715,40,1035,825,210,2052,2046,6,5807,5761,46,,
ALL,22639,19972,2667,,2021-05-09-23-41,3755,3715,40,1035,825,210,2052,2046,6,5807,5761,46,,
ALL,22639,19978,2661,,2021-05-10-02-34,3755,3714,41,1035,825,210,2052,2046,6,5807,5760,47,,
ALL,22639,19988,2651,,2021-05-10-05-46,3755,3724,31,1035,825,210,2052,2046,6,5807,5770,37,,
ALL,22647,19891,2756,,2021-05-10-08-45,3754,3706,48,1035,782,253,2053,2049,4,5807,5755,52,,
ALL,22665,19424,3241,,2021-05-10-11-36,3754,3701,53,1035,784,251,2054,2050,4,5808,5751,57,,
ALL,22668,19419,3249,,2021-05-10-14-35,3798,3758,40,1035,782,253,2054,2047,7,5852,5805,47,,
ALL,22804,19458,3346,,2021-05-10-17-37,3773,3717,56,1018,764,254,2056,2048,8,5829,5765,64,,
ALL,22823,19549,3274,,2021-05-10-20-35,3783,3732,51,1018,763,255,2056,2051,5,5839,5783,56,,
ALL,22875,19547,3328,,2021-05-10-23-47,3783,3743,40,1018,765,253,2056,2051,5,5839,5794,45,,
ALL,22875,19589,3286,,2021-05-11-02-34,3779,3745,34,1018,764,254,2056,2051,5,5835,5796,39,,
ALL,22878,19550,3328,,2021-05-11-05-45,3779,3745,34,1018,764,254,2056,2050,6,5835,5795,40,,
ALL,22900,19450,3450,,2021-05-11-08-44,3779,3724,55,1018,771,247,2058,2053,5,5837,5777,60,,
ALL,22968,19047,3921,,2021-05-11-11-36,3794,3737,57,1012,785,227,2044,2039,5,5838,5776,62,,
ALL,23152,19129,4023,,2021-05-11-14-35,3809,3758,51,994,780,214,2045,2040,5,5854,5798,56,,
ALL,23202,19042,4160,,2021-05-11-17-37,3803,3751,52,1007,780,227,2056,2051,5,5859,5802,57,,
ALL,23235,19065,4170,,2021-05-11-20-35,3806,3752,54,1009,782,227,2057,2049,8,5863,5801,62,,
ALL,23235,19023,4212,,2021-05-11-23-47,3791,3735,56,1009,786,223,2062,2053,9,5853,5788,65,,
ALL,23235,19015,4220,,2021-05-12-02-34,3791,3736,55,1009,787,222,2062,2053,9,5853,5789,64,,
ALL,23233,18981,4252,,2021-05-12-05-46,3791,3723,68,1009,787,222,2062,2052,10,5853,5775,78,,
ALL,23224,18943,4281,,2021-05-12-08-39,3788,3720,68,1009,784,225,2064,2054,10,5852,5774,78,,
ALL,23218,18720,4498,,2021-05-12-11-31,3739,3664,75,1003,787,216,2113,2102,11,5852,5766,86,,
ALL,23266,18779,4487,,2021-05-12-14-31,3737,3668,69,1003,787,216,2123,2107,16,5860,5775,85,,
ALL,23345,18718,4627,,2021-05-12-17-31,3775,3696,79,1005,787,218,2136,2119,17,5911,5815,96,,
ALL,23350,18640,4710,,2021-05-12-20-31,3775,3708,67,1005,789,216,2136,2119,17,5911,5827,84,,
ALL,23350,18658,4692,,2021-05-12-23-41,3775,3712,63,1005,788,217,2136,2119,17,5911,5831,80,,
ALL,23350,18681,4669,,2021-05-13-02-31,3775,3717,58,1005,788,217,2136,2118,18,5911,5835,76,,
ALL,23350,18651,4699,,2021-05-13-05-32,3775,3692,83,1005,788,217,2136,2118,18,5911,5810,101,,
ALL,23448,18596,4852,,2021-05-13-08-39,3776,3689,87,1005,789,216,2135,2115,20,5911,5804,107,,
ALL,23439,18216,5223,,2021-05-13-11-31,3781,3677,104,1005,795,210,2133,2113,20,5914,5790,124,,
ALL,23424,18124,5300,,2021-05-13-14-31,3773,3681,92,1003,797,206,2140,2120,20,5913,5801,112,,
ALL,24436,18161,6275,,2021-05-13-17-31,3852,3672,180,1003,795,208,2160,2133,27,6012,5805,207,,
ALL,24418,18005,6413,,2021-05-13-20-31,3852,3668,184,1003,794,209,2160,2133,27,6012,5801,211,,
ALL,24418,17971,6447,,2021-05-13-23-41,3852,3669,183,1003,793,210,2160,2133,27,6012,5802,210,,
ALL,24418,17978,6440,,2021-05-14-02-31,3852,3670,182,1003,793,210,2160,2133,27,6012,5803,209,,
ALL,24418,17973,6445,,2021-05-14-05-34,3852,3659,193,1003,793,210,2160,2133,27,6012,5792,220,,
ALL,24555,17897,6658,,2021-05-14-08-41,3859,3666,193,1003,792,211,2164,2139,25,6023,5805,218,,
ALL,24791,17671,7120,,2021-05-14-11-31,3848,3626,222,1003,795,208,2173,2148,25,6021,5774,247,,
ALL,24795,17698,7097,,2021-05-14-14-32,3850,3644,206,1005,797,208,2172,2130,42,6022,5774,248,,
ALL,24852,17616,7236,,2021-05-14-17-31,3850,3648,202,1011,800,211,2173,2131,42,6023,5779,244,,
ALL,24902,17534,7368,,2021-05-14-20-31,3888,3653,235,1011,800,211,2185,2136,49,6073,5789,284,,
ALL,25452,17642,7810,,2021-05-14-23-41,4091,3667,424,1011,800,211,2235,2136,99,6326,5803,523,,
ALL,25430,17610,7820,,2021-05-15-02-31,4086,3651,435,1011,800,211,2235,2136,99,6321,5787,534,,
ALL,25430,17591,7839,,2021-05-15-05-33,4086,3639,447,1012,797,215,2235,2137,98,6321,5776,545,,
ALL,25454,17491,7963,,2021-05-15-08-38,4086,3646,440,1012,791,221,2234,2132,102,6320,5778,542,,
ALL,25462,17129,8333,,2021-05-15-11-31,4071,3623,448,1027,811,216,2236,2139,97,6307,5762,545,,
ALL,25644,17071,8573,,2021-05-15-14-31,4075,3613,462,1026,809,217,2233,2132,101,6308,5745,563,,
ALL,25608,16955,8653,,2021-05-15-17-31,4065,3606,459,1026,810,216,2255,2154,101,6320,5760,560,,
ALL,26108,17182,8926,,2021-05-15-20-31,4092,3613,479,1026,809,217,2267,2162,105,6359,5775,584,,
ALL,26106,17175,8931,,2021-05-15-23-40,4092,3629,463,1035,809,226,2267,2160,107,6359,5789,570,,
ALL,26106,17189,8917,,2021-05-16-02-31,4092,3636,456,1035,809,226,2267,2160,107,6359,5796,563,,
ALL,26106,17176,8930,,2021-05-16-05-34,4092,3634,458,1043,817,226,2267,2160,107,6359,5794,565,,
ALL,26106,17062,9044,,2021-05-16-08-43,4091,3600,491,1043,818,225,2268,2161,107,6359,5761,598,,
ALL,26258,16800,9458,,2021-05-16-11-31,4140,3583,557,1043,822,221,2275,2147,128,6415,5730,685,,
ALL,27571,16731,10840,,2021-05-16-23-41,4198,3611,587,1042,815,227,2287,2152,135,6485,5763,722,,
ALL,27571,16711,10860,,2021-05-17-02-31,4198,3587,611,1042,812,230,2287,2152,135,6485,5739,746,,
ALL,27571,16730,10841,,2021-05-17-05-33,4198,3590,608,1042,812,230,2287,2152,135,6485,5742,743,,
ALL,27571,16619,10952,,2021-05-17-08-41,4201,3593,608,1050,804,246,2284,2144,140,6485,5737,748,,
ALL,27537,16242,11295,,2021-05-17-11-31,4185,3592,593,1045,802,243,2288,2140,148,6473,5732,741,,
ALL,27540,16172,11368,,2021-05-17-14-31,4236,3607,629,1042,790,252,2288,2141,147,6524,5748,776,,
ALL,27560,15978,11582,,2021-05-17-17-31,4266,3554,712,1049,798,251,2309,2147,162,6575,5701,874,,
ALL,27360,15690,11670,,2021-05-17-20-31,4092,3526,566,1049,802,247,2284,2124,160,6376,5650,726,,
ALL,27600,15717,11883,,2021-05-17-23-41,4292,3578,714,1049,802,247,2334,2138,196,6626,5716,910,,
ALL,27600,15675,11925,,2021-05-18-02-31,4292,3568,724,1049,802,247,2334,2138,196,6626,5706,920,,
ALL,27600,15674,11926,,2021-05-18-05-34,4292,3567,725,1049,802,247,2334,2138,196,6626,5705,921,,
ALL,27600,15455,12145,,2021-05-18-08-41,4290,3510,780,1049,797,252,2336,2143,193,6626,5653,973,,
ALL,27624,15062,12562,,2021-05-18-11-31,4287,3466,821,1054,803,251,2337,2139,198,6624,5605,1019,,
ALL,27579,15019,12560,,2021-05-18-14-31,4276,3467,809,1032,791,241,2351,2151,200,6627,5618,1009,,
ALL,27712,14896,12816,,2021-05-18-17-31,4312,3489,823,1016,787,229,2351,2153,198,6663,5642,1021,,
ALL,27762,14734,13028,,2021-05-18-20-31,4357,3474,883,1016,786,230,2356,2148,208,6713,5622,1091,,
ALL,27844,14712,13132,,2021-05-18-23-42,4402,3472,930,990,765,225,2361,2142,219,6763,5614,1149,,
ALL,27844,14688,13156,,2021-05-19-02-31,4402,3469,933,990,762,228,2361,2142,219,6763,5611,1152,,
ALL,27844,14624,13220,,2021-05-19-05-33,4402,3401,1001,990,762,228,2361,2143,218,6763,5544,1219,,
ALL,27829,14438,13391,,2021-05-19-08-38,4405,3454,951,990,761,229,2358,2143,215,6763,5597,1166,,
ALL,27726,13927,13799,,2021-05-19-11-31,4393,3375,1018,993,768,225,2352,2117,235,6745,5492,1253,,
ALL,27776,13765,14011,,2021-05-19-14-31,4318,3271,1047,993,765,228,2482,2229,253,6800,5500,1300,,
ALL,27856,13652,14204,,2021-05-19-17-31,4318,3249,1069,993,763,230,2482,2228,254,6800,5477,1323,,
ALL,27992,13507,14485,,2021-05-19-20-31,4327,3240,1087,993,764,229,2484,2223,261,6811,5463,1348,,
ALL,27992,13477,14515,,2021-05-19-23-42,4327,3231,1096,993,764,229,2484,2227,257,6811,5458,1353,,
ALL,27992,13453,14539,,2021-05-20-02-31,4327,3225,1102,993,765,228,2484,2228,256,6811,5453,1358,,
ALL,27992,13439,14553,,2021-05-20-05-33,4327,3210,1117,993,765,228,2484,2229,255,6811,5439,1372,,
ALL,27992,13336,14656,,2021-05-20-08-39,4157,3060,1097,993,765,228,2654,2365,289,6811,5425,1386,,
ALL,28001,12918,15083,,2021-05-20-11-31,4215,3007,1208,993,763,230,2654,2312,342,6869,5319,1550,,
ALL,27941,12781,15160,,2021-05-20-14-31,4266,3039,1227,989,761,228,2603,2273,330,6869,5312,1557,,
ALL,28119,12652,15467,,2021-05-20-17-31,4293,3058,1235,989,764,225,2579,2233,346,6872,5291,1581,,
ALL,28669,12514,16155,,2021-05-20-20-31,4293,3007,1286,989,764,225,2579,2228,351,6872,5235,1637,,
ALL,28659,12421,16238,,2021-05-20-23-42,4293,3003,1290,989,765,224,2574,2221,353,6867,5224,1643,,
ALL,28659,12401,16258,,2021-05-21-02-31,4291,2990,1301,989,767,222,2576,2219,357,6867,5209,1658,,
ALL,28659,12406,16253,,2021-05-21-05-33,4291,2993,1298,989,767,222,2576,2222,354,6867,5215,1652,,
ALL,28559,12295,16264,,2021-05-21-08-40,4290,2956,1334,989,768,221,2577,2224,353,6867,5180,1687,,
ALL,28595,11903,16692,,2021-05-21-11-31,4292,2918,1374,986,771,215,2576,2198,378,6868,5116,1752,,
ALL,28529,11756,16773,,2021-05-21-14-31,4284,2914,1370,988,773,215,2575,2197,378,6859,5111,1748,,
ALL,28495,11643,16852,,2021-05-21-17-31,4274,2896,1378,988,776,212,2575,2150,425,6849,5046,1803,,
ALL,28490,11448,17042,,2021-05-21-20-31,4274,2876,1398,988,775,213,2575,2141,434,6849,5017,1832,,
ALL,28490,11443,17047,,2021-05-21-23-43,4274,2879,1395,988,774,214,2575,2141,434,6849,5020,1829,,
ALL,28490,11415,17075,,2021-05-22-02-31,4274,2856,1418,988,774,214,2575,2141,434,6849,4997,1852,,
ALL,28490,11414,17076,,2021-05-22-05-33,4274,2853,1421,988,774,214,2575,2140,435,6849,4993,1856,,
ALL,28490,11334,17156,,2021-05-22-08-39,4277,2855,1422,988,775,213,2572,2135,437,6849,4990,1859,,
ALL,28477,10912,17565,,2021-05-22-11-31,4364,2802,1562,1008,772,236,2573,2131,442,6937,4933,2004,,
ALL,28502,10845,17657,,2021-05-22-14-32,4366,2792,1574,1006,773,233,2574,2131,443,6940,4923,2017,,
ALL,28502,10717,17785,,2021-05-22-17-31,4363,2787,1576,1006,773,233,2576,2105,471,6939,4892,2047,,
ALL,28454,10557,17897,,2021-05-22-20-31,4363,2767,1596,1013,780,233,2576,2097,479,6939,4864,2075,,
ALL,28436,10541,17895,,2021-05-22-23-42,4365,2778,1587,1013,778,235,2576,2102,474,6941,4880,2061,,
ALL,28436,10541,17895,,2021-05-23-00-27,4365,2777,1588,1013,778,235,2576,2102,474,6941,4879,2062,,
ALL,28436,10497,17939,,2021-05-23-05-41,4365,2762,1603,1013,778,235,2576,2101,475,6941,4863,2078,,
ALL,28575,10072,18503,,2021-05-23-11-35,4367,2661,1706,1015,780,235,2573,2085,488,6940,4746,2194,,
ALL,28686,9828,18858,,2021-05-23-17-35,4374,2586,1788,1031,781,250,2572,2085,487,6946,4671,2275,,
ALL,28683,9733,18950,,2021-05-23-23-44,4382,2604,1778,1031,780,251,2563,2050,513,6945,4654,2291,,
ALL,28683,9700,18983,,2021-05-24-05-40,4382,2573,1809,1035,782,253,2563,2048,515,6945,4621,2324,,
ALL,28452,9158,19294,,2021-05-24-11-35,4382,2410,1972,1041,775,266,2562,2014,548,6944,4424,2520,,
ALL,28473,8898,19575,,2021-05-24-17-35,4380,2350,2030,1041,780,261,2564,1998,566,6944,4348,2596,,
ALL,28473,8721,19752,,2021-05-24-23-47,4368,2311,2057,1040,790,250,2564,1990,574,6932,4301,2631,,
ALL,28473,8683,19790,,2021-05-25-05-40,4367,2276,2091,1040,791,249,2564,1983,581,6931,4259,2672,,
ALL,28634,8192,20442,,2021-05-25-11-42,4366,2153,2213,1028,779,249,2562,1951,611,6928,4104,2824,,
ALL,28653,8030,20623,,2021-05-25-17-35,4304,2142,2162,1080,825,255,2567,1922,645,6871,4064,2807,,
ALL,28708,7906,20802,,2021-05-25-23-52,4304,2136,2168,1075,828,247,2567,1917,650,6871,4053,2818,,
ALL,28708,7889,20819,,2021-05-26-05-44,4304,2137,2167,1075,824,251,2567,1907,660,6871,4044,2827,,
ALL,28677,7503,21174,,2021-05-26-11-46,4386,2148,2238,1094,839,255,2481,1801,680,6867,3949,2918,,
ALL,28728,7338,21390,,2021-05-26-17-36,4322,2025,2297,1094,838,256,2561,1843,718,6883,3868,3015,,
ALL,28728,7254,21474,,2021-05-26-23-59,4326,1976,2350,1100,838,262,2561,1837,724,6887,3813,3074,,
ALL,28728,7244,21484,,2021-05-27-05-45,4326,1973,2353,1100,838,262,2561,1824,737,6887,3797,3090,,
ALL,28683,6936,21747,,2021-05-27-11-49,4324,1851,2473,1091,841,250,2560,1771,789,6884,3622,3262,,
ALL,28701,6765,21936,,2021-05-27-17-42,4330,1796,2534,1097,845,252,2557,1762,795,6887,3558,3329,,
ALL,28677,6624,22053,,2021-05-28-00-03,4305,1715,2590,1081,828,253,2563,1732,831,6868,3447,3421,,
ALL,28677,6618,22059,,2021-05-28-05-46,4305,1718,2587,1081,828,253,2563,1723,840,6868,3441,3427,,
ALL,28631,6265,22366,,2021-05-28-12-01,4408,1669,2739,1097,812,285,2561,1705,856,6969,3374,3595,,
ALL,28629,6099,22530,,2021-05-28-17-48,4418,1624,2794,1098,810,288,2563,1688,875,6981,3312,3669,,
ALL,28600,5989,22611,,2021-05-29-00-04,4405,1586,2819,1098,811,287,2562,1673,889,6967,3259,3708,,
ALL,28600,5949,22651,,2021-05-29-05-50,4405,1572,2833,1098,811,287,2562,1654,908,6967,3226,3741,,
ALL,28533,5649,22884,,2021-05-29-12-07,4373,1495,2878,1094,814,280,2558,1598,960,6931,3093,3838,,
ALL,28530,5562,22968,,2021-05-29-17-44,4371,1450,2921,1094,818,276,2557,1598,959,6928,3048,3880,,
ALL,28535,5486,23049,,2021-05-30-00-06,4376,1425,2951,1094,820,274,2557,1587,970,6933,3012,3921,,
ALL,28535,5475,23060,,2021-05-30-05-52,4375,1412,2963,1094,816,278,2558,1586,972,6933,2998,3935,,
ALL,28551,5249,23302,,2021-05-30-12-04,4367,1342,3025,1101,830,271,2554,1548,1006,6921,2890,4031,,
ALL,28531,5188,23343,,2021-05-30-17-47,4371,1331,3040,1110,824,286,2551,1541,1010,6922,2872,4050,,
ALL,28531,5164,23367,,2021-05-31-00-05,4371,1317,3054,1110,824,286,2551,1547,1004,6922,2864,4058,,
ALL,28531,5150,23381,,2021-05-31-05-54,4371,1309,3062,1110,821,289,2551,1543,1008,6922,2852,4070,,
ALL,28457,4960,23497,,2021-05-31-12-06,4363,1284,3079,1120,822,298,2538,1488,1050,6901,2772,4129,,
ALL,28457,4914,23543,,2021-05-31-17-47,4363,1257,3106,1120,824,296,2538,1482,1056,6901,2739,4162,,
ALL,28457,4809,23648,,2021-06-01-00-17,4341,1238,3103,1120,829,291,2559,1470,1089,6900,2708,4192,,
ALL,28457,4820,23637,,2021-06-01-05-58,4341,1229,3112,1120,829,291,2559,1466,1093,6900,2695,4205,,
ALL,28352,4632,23720,,2021-06-01-12-19,4329,1213,3116,1152,858,294,2553,1441,1112,6882,2654,4228,,
ALL,28299,4515,23784,,2021-06-01-17-49,4291,1165,3126,1192,897,295,2551,1424,1127,6842,2589,4253,,
ALL,28284,4467,23817,,2021-06-02-00-28,4278,1131,3147,1193,897,296,2551,1424,1127,6829,2555,4274,,
ALL,28284,4438,23846,,2021-06-02-05-56,4278,1119,3159,1193,900,293,2551,1421,1130,6829,2540,4289,,
ALL,28214,4259,23955,,2021-06-02-12-19,4269,1063,3206,1213,933,280,2549,1382,1167,6818,2445,4373,,
ALL,28214,4209,24005,,2021-06-02-17-53,4263,1052,3211,1213,926,287,2549,1369,1180,6812,2421,4391,,
ALL,28208,4142,24066,,2021-06-03-00-28,4253,991,3262,1223,931,292,2559,1360,1199,6812,2351,4461,,
ALL,28208,4125,24083,,2021-06-03-05-55,4233,993,3240,1221,931,290,2559,1363,1196,6792,2356,4436,,
ALL,28220,3982,24238,,2021-06-03-12-05,4244,926,3318,1220,933,287,2550,1323,1227,6794,2249,4545,,
ALL,28173,3883,24290,,2021-06-03-17-44,4246,897,3349,1220,934,286,2548,1316,1232,6794,2213,4581,,
ALL,28218,3854,24364,,2021-06-04-00-21,4246,869,3377,1220,936,284,2553,1307,1246,6799,2176,4623,,
ALL,28218,3830,24388,,2021-06-04-05-58,4246,867,3379,1220,936,284,2553,1303,1250,6799,2170,4629,,
ALL,28055,3691,24364,,2021-06-04-12-06,4199,829,3370,1251,954,297,2554,1251,1303,6753,2080,4673,,
ALL,28055,3631,24424,,2021-06-04-17-56,4191,821,3370,1259,961,298,2554,1229,1325,6745,2050,4695,,
ALL,28038,3576,24462,,2021-06-05-00-10,4191,807,3384,1259,957,302,2554,1208,1346,6745,2015,4730,,
ALL,28038,3560,24478,,2021-06-05-05-51,4191,802,3389,1259,958,301,2554,1201,1353,6745,2003,4742,,
ALL,27988,3432,24556,,2021-06-05-11-55,4183,744,3439,1266,965,301,2555,1155,1400,6738,1899,4839,,
ALL,28004,3372,24632,,2021-06-05-17-45,4192,732,3460,1277,973,304,2564,1149,1415,6756,1881,4875,,
ALL,27933,3302,24631,,2021-06-06-00-00,4188,718,3470,1277,975,302,2564,1144,1420,6752,1862,4890,,
ALL,27953,3284,24669,,2021-06-06-05-47,4192,711,3481,1277,975,302,2564,1141,1423,6756,1852,4904,,
ALL,27950,3166,24784,,2021-06-06-11-53,4189,698,3491,1276,961,315,2565,1108,1457,6754,1806,4948,,
ALL,27933,3139,24794,,2021-06-06-17-45,4190,682,3508,1275,968,307,2564,1100,1464,6754,1782,4972,,
ALL,27933,3126,24807,,2021-06-07-00-00,4190,674,3516,1275,968,307,2564,1104,1460,6754,1778,4976,,
ALL,27933,3108,24825,,2021-06-07-05-46,4190,670,3520,1275,969,306,2564,1098,1466,6754,1768,4986,,
ALL,27609,3024,24585,,2021-06-07-12-07,4189,598,3591,1287,992,295,2562,1069,1493,6751,1667,5084,,
ALL,27609,2971,24638,,2021-06-07-17-46,4189,565,3624,1287,996,291,2562,1052,1510,6751,1617,5134,,
ALL,27609,2935,24674,,2021-06-08-00-18,4189,548,3641,1287,998,289,2562,1032,1530,6751,1580,5171,,
ALL,27609,2921,24688,,2021-06-08-05-49,4189,536,3653,1287,998,289,2562,1034,1528,6751,1570,5181,,
ALL,27516,2827,24689,,2021-06-08-11-42,4170,487,3683,1323,999,324,2557,1001,1556,6727,1488,5239,,
ALL,27501,2794,24707,,2021-06-08-17-35,4159,496,3663,1307,1001,306,2553,971,1582,6712,1467,5245,,
ALL,27501,2725,24776,,2021-06-08-23-46,4159,460,3699,1307,1005,302,2553,958,1595,6712,1418,5294,,
ALL,27501,2722,24779,,2021-06-09-05-38,4159,452,3707,1307,1007,300,2553,958,1595,6712,1410,5302,,
ALL,27464,2592,24872,,2021-06-09-11-40,4156,460,3696,1318,1006,312,2551,905,1646,6707,1365,5342,,
ALL,27464,2573,24891,,2021-06-09-12-59,4155,454,3701,1321,1003,318,2549,899,1650,6704,1353,5351,,
ALL,27464,2544,24920,,2021-06-09-17-31,4155,443,3712,1320,999,321,2549,898,1651,6704,1341,5363,,
ALL,27464,2510,24954,,2021-06-10-05-31,4155,436,3719,1321,1002,319,2549,897,1652,6704,1333,5371,,
ALL,27439,2496,24943,,2021-06-10-17-30,4152,451,3701,1322,1005,317,2548,866,1682,6700,1317,5383,,
ALL,27439,2457,24982,,2021-06-11-05-31,4155,432,3723,1322,1005,317,2555,871,1684,6710,1303,5407,,
ALL,27440,2373,25067,,2021-06-11-17-31,4154,382,3772,1325,1002,323,2551,841,1710,6705,1223,5482,,
ALL,27440,2352,25088,,2021-06-12-05-31,4154,354,3800,1325,1002,323,2551,831,1720,6705,1185,5520,,
ALL,27654,2218,25436,,2021-06-12-17-30,4152,382,3770,1326,1017,309,2533,777,1756,6685,1159,5526,,
ALL,27654,2173,25481,,2021-06-13-05-31,4152,369,3783,1326,1017,309,2533,769,1764,6685,1138,5547,,
ALL,27666,2155,25511,,2021-06-13-17-31,4153,383,3770,1326,1007,319,2531,737,1794,6684,1120,5564,,
ALL,27666,2105,25561,,2021-06-14-05-31,4153,336,3817,1326,1003,323,2531,735,1796,6684,1071,5613,,
ALL,27546,2058,25488,,2021-06-14-17-30,4155,347,3808,1324,1007,317,2513,712,1801,6668,1059,5609,,
ALL,27546,2024,25522,,2021-06-15-05-31,4155,318,3837,1324,1015,309,2513,706,1807,6668,1024,5644,,
ALL,27554,1895,25659,,2021-06-15-17-31,4156,302,3854,1335,1024,311,2512,637,1875,6668,939,5729,,
ALL,27554,1811,25743,,2021-06-16-05-31,4156,296,3860,1334,1020,314,2512,637,1875,6668,933,5735,,
ALL,27550,1699,25851,,2021-06-16-17-31,4144,280,3864,1334,1027,307,2513,606,1907,6657,886,5771,,
ALL,27550,1660,25890,,2021-06-17-05-31,4144,271,3873,1334,1017,317,2513,608,1905,6657,879,5778,,
ALL,27367,1629,25738,,2021-06-17-17-31,4137,249,3888,1337,1018,319,2512,599,1913,6649,848,5801,,
ALL,27447,1615,25832,,2021-06-18-05-31,4152,239,3913,1337,1017,320,2517,601,1916,6669,840,5829,,
ALL,27224,1551,25673,,2021-06-18-17-31,4155,236,3919,1357,1005,352,2506,567,1939,6661,803,5858,,
ALL,27224,1544,25680,,2021-06-19-05-31,4137,231,3906,1373,1022,351,2504,564,1940,6641,795,5846,,
ALL,27179,1549,25630,,2021-06-19-17-30,4119,235,3884,1376,1009,367,2503,564,1939,6622,799,5823,,
ALL,27220,1525,25695,,2021-06-20-05-31,4128,229,3899,1376,1003,373,2501,565,1936,6629,794,5835,,
ALL,27224,1335,25889,,2021-06-20-17-31,4127,217,3910,1378,1018,360,2503,506,1997,6630,723,5907,,
ALL,27224,1335,25889,,2021-06-21-05-31,4127,215,3912,1378,1018,360,2503,507,1996,6630,722,5908,,
ALL,27224,1298,25926,,2021-06-21-17-31,4122,205,3917,1387,1037,350,2504,495,2009,6626,700,5926,,
ALL,27227,1296,25931,,2021-06-22-05-31,4122,200,3922,1384,1035,349,2504,493,2011,6626,693,5933,,
ALL,27226,1259,25967,,2021-06-22-17-30,4114,206,3908,1391,1039,352,2504,473,2031,6618,679,5939,,
ALL,27226,1255,25971,,2021-06-23-05-31,4114,206,3908,1391,1041,350,2504,470,2034,6618,676,5942,,
ALL,27246,1207,26039,,2021-06-23-17-31,4133,206,3927,1483,1051,432,2504,456,2048,6637,662,5975,,
ALL,27246,1193,26053,,2021-06-24-05-31,4133,196,3937,1484,1051,433,2504,452,2052,6637,648,5989,,
ALL,27315,1152,26163,,2021-06-24-17-31,4130,179,3951,1485,1064,421,2504,438,2066,6634,617,6017,,
ALL,27315,1136,26179,,2021-06-25-05-31,4130,175,3955,1485,1063,422,2504,431,2073,6634,606,6028,,
ALL,27278,1095,26183,,2021-06-25-17-31,4127,165,3962,1488,1064,424,2507,420,2087,6634,585,6049,,
ALL,27278,1106,26172,,2021-06-26-05-31,4127,166,3961,1488,1059,429,2507,419,2088,6634,585,6049,,
ALL,27278,1049,26229,,2021-06-26-17-31,4133,150,3983,1391,1048,343,2502,413,2089,6635,563,6072,,
ALL,27278,1056,26222,,2021-06-27-05-31,4133,147,3986,1391,1046,345,2502,412,2090,6635,559,6076,,
ALL,27284,1037,26247,,2021-06-27-17-31,4132,138,3994,1391,1044,347,2503,399,2104,6635,537,6098,,
ALL,27284,1049,26235,,2021-06-28-05-31,4132,140,3992,1391,1035,356,2503,397,2106,6635,537,6098,,
ALL,27445,1054,26391,,2021-06-28-17-31,4188,155,4033,1393,1030,363,2462,379,2083,6650,534,6116,,
ALL,27040,1027,26013,,2021-06-29-05-31,4095,146,3949,1420,1081,339,2460,369,2091,6555,515,6040,,
ALL,23887,1004,22883,,2021-06-29-17-30,3287,138,3149,1926,1255,671,2194,375,1819,5481,513,4968,,
ALL,23422,983,22439,,2021-06-30-05-31,3327,135,3192,1973,1285,688,2107,373,1734,5434,508,4926,,
ALL,21372,1004,20368,,2021-06-30-17-31,3043,150,2893,2164,1407,757,1948,366,1582,4991,516,4475,,
ALL,21372,992,20380,,2021-07-01-05-31,3043,133,2910,2144,1399,745,1948,365,1583,4991,498,4493,,
ALL,19994,869,19125,,2021-07-01-17-31,2905,139,2766,2312,1443,869,1744,328,1416,4649,467,4182,,
ALL,18794,710,18084,,2021-07-02-05-31,2643,79,2564,2312,1445,867,1656,225,1431,4299,304,3995,,
ALL,18679,677,18002,,2021-07-02-17-31,2596,75,2521,2345,1454,891,1645,207,1438,4241,282,3959,,
ALL,18679,651,18028,,2021-07-03-05-31,2596,76,2520,2345,1445,900,1645,206,1439,4241,282,3959,,
ALL,18493,660,17833,,2021-07-03-17-31,2542,64,2478,2345,1491,854,1620,202,1418,4162,266,3896,,
ALL,18258,658,17600,,2021-07-04-05-31,2533,63,2470,2368,1482,886,1606,200,1406,4139,263,3876,,
ALL,17508,624,16884,,2021-07-04-17-30,2533,54,2479,2368,1484,884,1606,186,1420,4139,240,3899,,
ALL,17498,617,16881,,2021-07-05-05-31,2533,51,2482,2368,1480,888,1606,190,1416,4139,241,3898,,
ALL,17485,598,16887,,2021-07-05-17-31,2536,49,2487,2372,1506,866,1606,196,1410,4142,245,3897,,
ALL,17485,601,16884,,2021-07-06-05-31,2536,51,2485,2372,1512,860,1606,194,1412,4142,245,3897,,
ALL,18104,529,17575,,2021-07-06-17-31,2488,62,2426,2380,1523,857,1592,181,1411,4080,243,3837,,
ALL,18104,529,17575,,2021-07-07-05-31,2488,62,2426,2380,1524,856,1592,179,1413,4080,241,3839,,
ALL,19005,546,18459,,2021-07-07-17-31,2484,61,2423,2380,1519,861,1600,192,1408,4084,253,3831,,
ALL,19005,540,18465,,2021-07-08-05-31,2484,60,2424,2380,1518,862,1600,191,1409,4084,251,3833,,
ALL,18785,523,18262,,2021-07-08-17-31,2466,60,2406,2404,1511,893,1595,188,1407,4061,248,3813,,
ALL,18785,518,18267,,2021-07-09-05-31,2466,59,2407,2404,1510,894,1595,184,1411,4061,243,3818,,
ALL,18407,492,17915,,2021-07-09-17-31,2472,60,2412,2427,1534,893,1506,176,1330,3978,236,3742,,
ALL,18407,479,17928,,2021-07-10-05-31,2472,58,2414,2427,1515,912,1506,165,1341,3978,223,3755,,
ALL,18349,483,17866,,2021-07-10-17-31,2466,53,2413,2427,1482,945,1498,173,1325,3964,226,3738,,
ALL,18316,474,17842,,2021-07-11-05-31,2454,54,2400,2436,1484,952,1496,172,1324,3950,226,3724,,
ALL,18316,468,17848,,2021-07-11-17-31,2456,44,2412,2435,1487,948,1498,159,1339,3954,203,3751,,
ALL,18316,468,17848,,2021-07-12-05-31,2456,42,2414,2435,1491,944,1498,159,1339,3954,201,3753,,
ALL,18291,441,17850,,2021-07-12-17-31,2456,44,2412,2435,1492,943,1481,153,1328,3937,197,3740,,
ALL,18291,439,17852,,2021-07-12-22-02,2456,43,2413,2435,1494,941,1481,155,1326,3937,198,3739,,
ALL,18291,435,17856,,2021-07-13-05-31,2456,41,2415,2435,1494,941,1481,153,1328,3937,194,3743,,
ALL,18291,422,17869,,2021-07-13-17-31,2456,45,2411,2434,1520,914,1481,147,1334,3937,192,3745,,
ALL,18291,425,17866,,2021-07-14-05-31,2456,48,2408,2434,1525,909,1481,145,1336,3937,193,3744,,
ALL,18104,415,17689,,2021-07-14-17-31,2458,47,2411,2475,1521,954,1477,134,1343,3935,181,3754,,
ALL,18064,402,17662,,2021-07-15-05-30,2444,47,2397,2487,1522,965,1477,134,1343,3921,181,3740,,
ALL,17632,396,17236,,2021-07-15-17-30,2355,42,2313,2661,1663,998,1461,129,1332,3816,171,3645,,
ALL,17632,396,17236,,2021-07-16-05-30,2355,41,2314,2661,1658,1003,1461,133,1328,3816,174,3642,,
ALL,17290,397,16893,,2021-07-16-17-30,2311,40,2271,2725,1719,1006,1457,137,1320,3768,177,3591,,
ALL,17290,394,16896,,2021-07-17-05-30,2311,42,2269,2787,1701,1086,1457,136,1321,3768,178,3590,,
ALL,17267,373,16894,,2021-07-17-17-30,2342,33,2309,2725,1689,1036,1426,124,1302,3768,157,3611,,
ALL,17267,384,16883,,2021-07-18-05-30,2342,35,2307,2725,1685,1040,1426,126,1300,3768,161,3607,,
ALL,17261,367,16894,,2021-07-18-17-30,2351,34,2317,2746,1691,1055,1417,122,1295,3768,156,3612,,
ALL,17228,374,16854,,2021-07-19-05-30,2332,36,2296,2765,1702,1063,1417,126,1291,3749,162,3587,,
ALL,17220,386,16834,,2021-07-19-17-30,2337,37,2300,2775,1663,1112,1416,126,1290,3753,163,3590,,
ALL,17220,382,16838,,2021-07-20-05-30,2337,36,2301,2775,1661,1114,1416,122,1294,3753,158,3595,,
ALL,17036,366,16670,,2021-07-20-17-30,2319,41,2278,2794,1736,1058,1413,113,1300,3732,154,3578,,
ALL,17026,374,16652,,2021-07-21-05-30,2314,42,2272,2794,1739,1055,1413,114,1299,3727,156,3571,,
ALL,17067,364,16703,,2021-07-21-17-30,2317,35,2282,2788,1755,1033,1412,108,1304,3729,143,3586,,
ALL,17067,361,16706,,2021-07-22-05-30,2317,37,2280,2783,1749,1034,1412,110,1302,3729,147,3582,,
ALL,17063,398,16665,,2021-07-22-17-30,2302,48,2254,2772,1745,1027,1413,113,1300,3715,161,3554,,
ALL,17063,395,16668,,2021-07-23-05-30,2302,48,2254,2772,1745,1027,1413,114,1299,3715,162,3553,,
ALL,17045,385,16660,,2021-07-23-17-30,2281,46,2235,2738,1791,947,1418,115,1303,3699,161,3538,,
ALL,17045,388,16657,,2021-07-24-05-30,2281,49,2232,2738,1792,946,1418,116,1302,3699,165,3534,,
ALL,17043,373,16670,,2021-07-24-17-30,2281,40,2241,2882,1833,1049,1418,119,1299,3699,159,3540,,
ALL,17043,379,16664,,2021-07-25-05-30,2281,38,2243,2882,1826,1056,1418,117,1301,3699,155,3544,,
ALL,17047,386,16661,,2021-07-25-16-30,2281,44,2237,2882,1867,1015,1418,114,1304,3699,158,3541,,
ALL,17047,384,16663,,2021-07-26-05-30,2281,45,2236,2882,1863,1019,1418,112,1306,3699,157,3542,,
ALL,17047,371,16676,,2021-07-26-17-30,2283,43,2240,2940,1928,1012,1416,105,1311,3699,148,3551,,
ALL,17047,374,16673,,2021-07-27-05-30,2283,45,2238,2940,1930,1010,1416,109,1307,3699,154,3545,,
ALL,17047,368,16679,,2021-07-27-17-30,2283,36,2247,2922,1974,948,1416,109,1307,3699,145,3554,,
ALL,17047,371,16676,,2021-07-28-05-30,2283,37,2246,2922,1964,958,1416,110,1306,3699,147,3552,,
ALL,17049,369,16680,,2021-07-28-17-30,2282,48,2234,2913,1968,945,1416,102,1314,3698,150,3548,,
ALL,17049,378,16671,,2021-07-29-05-30,2282,50,2232,2913,1980,933,1416,105,1311,3698,155,3543,,
ALL,17029,368,16661,,2021-07-29-17-30,2282,46,2236,2931,2003,928,1416,102,1314,3698,148,3550,,
ALL,17029,359,16670,,2021-07-30-05-30,2282,46,2236,2931,2001,930,1416,101,1315,3698,147,3551,,
ALL,16739,366,16373,,2021-07-30-17-30,2269,54,2215,2962,2042,920,1406,96,1310,3675,150,3525,,
ALL,16739,367,16372,,2021-07-31-05-30,2269,54,2215,2962,2050,912,1406,94,1312,3675,148,3527,,
ALL,16895,377,16518,,2021-07-31-17-30,2270,57,2213,2970,2030,940,1406,85,1321,3676,142,3534,,
ALL,16895,369,16526,,2021-08-01-05-30,2270,56,2214,2970,2027,943,1406,82,1324,3676,138,3538,,
ALL,16855,350,16505,,2021-08-01-17-30,2276,50,2226,2969,2024,945,1406,83,1323,3682,133,3549,,
ALL,16855,353,16502,,2021-08-02-05-30,2276,52,2224,2969,2025,944,1406,84,1322,3682,136,3546,,
ALL,16855,333,16522,,2021-08-02-17-30,2276,46,2230,2969,2020,949,1410,83,1327,3686,129,3557,,
ALL,16855,337,16518,,2021-08-03-05-30,2276,48,2228,2969,2025,944,1410,83,1327,3686,131,3555,,
ALL,16855,316,16539,,2021-08-03-17-30,2276,47,2229,2968,2065,903,1410,76,1334,3686,123,3563,,
ALL,16855,315,16540,,2021-08-04-05-30,2276,46,2230,2968,2058,910,1410,77,1333,3686,123,3563,,
ALL,16855,317,16538,,2021-08-04-17-30,2277,42,2235,2967,2066,901,1409,78,1331,3686,120,3566,,
ALL,16843,311,16532,,2021-08-05-05-30,2277,42,2235,2967,2065,902,1409,75,1334,3686,117,3569,,
ALL,16875,319,16556,,2021-08-05-17-30,2280,47,2233,3030,2134,896,1409,78,1331,3689,125,3564,,
ALL,16875,327,16548,,2021-08-06-05-30,2280,50,2230,3030,2134,896,1409,83,1326,3689,133,3556,,
ALL,16850,349,16501,,2021-08-06-17-30,2279,48,2231,3022,2125,897,1408,78,1330,3687,126,3561,,
ALL,16855,350,16505,,2021-08-07-05-30,2272,54,2218,2989,2100,889,1403,75,1328,3675,129,3546,,
ALL,16854,366,16488,,2021-08-07-17-30,2271,54,2217,3015,2133,882,1404,81,1323,3675,135,3540,,
ALL,16854,372,16482,,2021-08-08-05-30,2271,57,2214,3015,2136,879,1404,79,1325,3675,136,3539,,
ALL,16797,323,16474,,2021-08-08-17-30,2269,46,2223,3043,2161,882,1408,86,1322,3677,132,3545,,
ALL,16797,330,16467,,2021-08-09-05-30,2269,47,2222,3043,2176,867,1408,89,1319,3677,136,3541,,
ALL,16842,320,16522,,2021-08-09-17-30,2269,55,2214,3043,2190,853,1408,76,1332,3677,131,3546,,
ALL,16842,316,16526,,2021-08-10-05-30,2269,50,2219,3043,2191,852,1408,76,1332,3677,126,3551,,
ALL,16740,313,16427,,2021-08-10-17-30,2235,51,2184,3027,2213,814,1398,71,1327,3633,122,3511,,
ALL,16740,308,16432,,2021-08-11-05-30,2235,51,2184,3027,2214,813,1398,71,1327,3633,122,3511,,
ALL,16636,311,16325,,2021-08-11-17-30,2224,51,2173,3035,2200,835,1390,75,1315,3614,126,3488,,
ALL,16636,311,16325,,2021-08-12-05-30,2224,51,2173,3035,2198,837,1390,74,1316,3614,125,3489,,
ALL,16624,301,16323,,2021-08-12-17-30,2232,50,2182,3036,2199,837,1391,73,1318,3623,123,3500,,
ALL,16624,302,16322,,2021-08-13-05-30,2232,53,2179,3036,2208,828,1391,70,1321,3623,123,3500,,
ALL,16516,291,16225,,2021-08-13-17-30,2180,45,2135,3080,2195,885,1389,71,1318,3569,116,3453,,
ALL,16616,303,16313,,2021-08-14-05-30,2180,47,2133,3080,2200,880,1389,71,1318,3569,118,3451,,
ALL,16611,296,16315,,2021-08-14-17-30,2184,43,2141,3094,2202,892,1387,68,1319,3571,111,3460,,
ALL,16611,302,16309,,2021-08-14-23-00,2184,45,2139,3094,2202,892,1387,69,1318,3571,114,3457,,
ALL,16607,293,16314,,2021-08-20-17-30,2182,46,2136,3090,2187,903,1384,63,1321,3566,109,3457,,
ALL,16607,290,16317,,2021-08-21-05-30,2182,40,2142,3090,2179,911,1384,64,1320,3566,104,3462,,